timestamp_us,ecg,leads,ir,red,accX,accY,accZ,gyroX,gyroY,gyroZ,temp
2418490,1854,1,212895,259349,0.00,0.00,0.00,0.00,0.00,0.00,0.00
2448956,1970,1,213109,259428,-0.94,-1.57,9.89,0.08,-0.24,1.20,34.23
2489178,1966,1,213057,259545,-1.15,-1.42,9.68,0.11,-0.28,1.35,34.23
2529170,1923,1,213247,259981,-1.65,-1.38,10.19,-0.20,0.03,1.42,34.23
2569176,1968,1,213431,260073,-1.37,-1.43,10.13,-0.29,-0.09,1.41,34.23
2609191,1984,1,213310,259832,-0.86,-1.09,10.04,-0.11,-0.46,1.28,34.23
2649192,1977,1,213120,259602,-0.29,-0.99,9.83,0.04,-0.51,1.23,34.23
2689170,1984,1,213132,259500,-0.37,-0.80,10.00,0.20,-0.26,1.32,34.23
2729176,1917,1,213040,259127,-0.70,-0.46,10.41,0.39,-0.40,1.24,34.23
2769170,1915,1,212606,258637,0.05,-0.02,9.74,0.45,-0.64,1.07,34.23
2809164,1947,1,212513,258859,0.11,0.23,9.27,0.11,-0.17,1.03,34.23
2849141,1984,1,212568,258148,-0.27,0.12,9.96,-0.17,0.10,0.95,34.23
2889164,1889,1,212087,256911,-0.21,-0.05,9.73,-0.39,0.01,0.71,34.23
2929176,1943,1,212019,257731,0.03,0.05,9.73,-0.35,0.17,0.55,34.23
2969141,1962,1,212591,258432,-0.27,-0.21,10.25,-0.20,0.16,0.35,34.23
3009170,1942,1,212628,258971,0.26,-0.53,9.63,-0.25,-0.00,0.11,34.23
3049176,1949,1,212884,259460,-0.12,-0.85,10.28,-0.19,0.27,0.22,34.23
3089209,1967,1,212802,259513,-0.27,-0.77,10.35,-0.13,0.12,0.14,34.23
3129230,1966,1,212896,259893,-0.52,-1.01,10.35,0.00,0.07,0.07,34.23
3169160,1991,1,213196,260734,-0.85,-0.93,10.49,0.25,0.11,0.10,34.23
3209165,1927,1,213698,261374,-1.16,-0.88,10.52,0.39,-0.04,0.08,34.23
3249170,1968,1,213851,261429,-0.78,-0.67,9.48,0.37,-0.23,0.15,34.23
3289176,1923,1,213659,261272,0.04,0.07,8.80,-0.09,-0.03,-0.14,34.23
3329216,1829,1,213556,261024,-0.24,-0.93,10.02,-0.39,0.07,-0.35,34.23
3369192,1915,1,213303,260508,0.15,-1.33,9.93,-0.26,-0.20,-0.33,34.23
3409191,1337,1,212960,259646,0.21,-1.29,9.84,-0.10,-0.10,-0.24,34.23
3449192,1951,1,212729,259414,-0.49,-1.45,10.39,-0.01,0.04,-0.12,34.23
3489877,1882,1,212855,259653,-0.38,-1.28,10.07,0.04,-0.03,-0.02,34.21
3528191,1955,1,213107,259931,-0.34,-0.91,9.69,-0.16,-0.12,-0.04,34.21
3568209,1954,1,212810,259552,-0.13,-0.88,9.56,-0.36,-0.17,0.00,34.21
3608191,1979,1,212632,259298,0.04,-1.16,9.80,-0.33,0.05,0.11,34.21
3648161,1976,1,212555,259218,-0.07,-1.14,10.18,-0.23,0.12,0.13,34.21
3688176,2053,1,212699,259369,-0.30,-1.03,10.48,-0.02,0.12,0.10,34.21
3728170,2035,1,212752,259782,-0.65,-1.11,10.57,0.16,0.15,0.10,34.21
3768158,2023,1,212933,259892,-0.79,-0.96,10.38,0.16,0.16,0.14,34.21
3808165,2039,1,212873,259815,-0.76,-0.84,10.11,0.15,0.14,0.18,34.21
3848167,2064,1,212878,259887,-1.00,-0.96,9.95,0.07,0.20,0.28,34.21
3888160,2021,1,212843,259748,-1.23,-0.89,9.84,0.05,0.08,0.33,34.21
3928164,2058,1,212678,259627,-1.09,-0.57,9.39,0.01,-0.16,0.24,34.21
3968176,2013,1,212796,259599,-0.67,-0.36,9.29,-0.04,-0.00,0.23,34.21
4008191,2032,1,212568,258545,-1.10,-0.55,10.08,-0.04,0.12,0.33,34.21
4048207,2058,1,212195,257883,-1.08,-0.97,10.22,0.03,-0.00,0.30,34.21
4088176,2015,1,211979,257833,-0.72,-1.05,10.32,-0.06,-0.11,0.09,34.21
4128191,2018,1,212039,257976,-0.43,-1.09,10.24,-0.18,-0.23,-0.17,34.21
4168209,2000,1,211959,258178,-0.08,-1.12,9.83,-0.15,-0.11,-0.31,34.21
4208209,1986,1,212266,258708,-0.20,-1.10,9.71,-0.03,0.08,-0.44,34.21
4248191,1995,1,212470,258796,-0.43,-1.11,9.77,0.17,0.13,-0.58,34.21
4288170,1995,1,212556,258909,-0.61,-1.12,9.97,0.31,0.09,-0.82,34.21
4328176,1956,1,212596,258978,-0.60,-1.05,9.93,0.45,-0.15,-0.99,34.21
4368189,1994,1,212551,258740,-0.43,-0.85,10.00,0.51,-0.24,-1.04,34.21
4408191,2013,1,212446,258561,-0.38,-0.94,9.89,0.37,-0.15,-1.19,34.21
4448190,1987,1,212506,259200,-0.85,-1.31,10.00,-0.07,0.21,-1.47,34.21
4488191,2020,1,212966,259672,-0.82,-1.42,10.07,0.00,0.36,-1.55,34.21
4528856,1935,1,213046,259782,-0.77,-0.98,9.93,0.45,-0.05,-1.53,34.23
4569192,1943,1,212867,258646,-0.50,-0.62,9.42,0.42,-0.07,-1.48,34.23
4609191,1938,1,212383,257646,-0.93,-0.74,9.97,0.18,0.13,-1.36,34.23
4649176,1935,1,212231,257766,-1.44,-0.84,10.95,-0.09,0.02,-1.23,34.23
4689190,1968,1,212180,258049,-1.22,-0.78,10.23,-0.22,-0.07,-1.18,34.23
4729209,1979,1,212062,257931,-0.93,-0.95,9.57,-0.15,-0.06,-0.98,34.23
4769227,1971,1,211855,258081,-0.85,-1.04,9.56,-0.10,-0.01,-0.92,34.23
4809209,1968,1,211869,258344,-0.62,-1.10,9.60,-0.11,-0.00,-0.79,34.23
4849209,1967,1,211708,258168,-0.57,-1.10,9.90,-0.24,-0.03,-0.86,34.23
4889209,1971,1,211553,258218,-0.61,-1.10,9.60,-0.27,0.06,-0.73,34.23
4929191,1981,1,211579,258194,-0.93,-1.35,9.85,-0.04,0.09,-0.42,34.23
4969239,1969,1,211548,258481,-0.96,-0.87,9.69,0.01,-0.16,-0.24,34.23
5009191,1983,1,211734,259021,-0.87,-0.89,9.56,-0.04,0.09,-0.06,34.23
5048191,1983,1,211724,259059,-0.69,-0.67,9.71,-0.20,0.02,-0.09,34.23
5088191,1994,1,211609,259126,-0.55,-0.67,9.62,-0.22,0.08,-0.09,34.23
5128191,1991,1,211576,258615,-0.46,-1.18,9.46,-0.13,0.18,-0.03,34.23
5168191,1979,1,211056,257845,-1.24,-0.79,9.96,-0.33,0.24,-0.03,34.23
5208193,1994,1,211130,258327,-1.92,-0.64,10.51,-0.32,0.27,0.02,34.23
5248170,1969,1,211369,258647,-1.79,-0.29,10.56,-0.12,0.16,0.15,34.23
5288176,1963,1,211696,259028,-1.71,-0.40,10.80,0.05,-0.02,0.19,34.23
5328176,1984,1,211883,259263,-1.22,-0.20,10.06,0.26,-0.26,0.36,34.23
5368176,1966,1,212170,259677,-1.13,-0.18,9.93,-0.09,0.00,0.32,34.23
5408170,1920,1,212372,259927,-1.03,0.06,9.94,-0.30,0.10,0.30,34.23
5448165,1985,1,212277,259724,-0.53,0.00,9.44,-0.19,0.03,0.23,34.23
5488160,1947,1,212015,259253,-0.44,-0.38,9.60,-0.16,0.02,-0.04,34.23
5528191,1971,1,211633,259143,-0.25,-0.99,9.78,-0.16,0.04,-0.20,34.23
5568876,1962,1,211570,259401,-0.64,-1.01,10.55,0.03,0.14,-0.34,34.25
5609176,1930,1,211833,260026,-1.16,-0.71,10.99,0.29,0.07,-0.26,34.25
5649170,1925,1,212257,260413,-1.82,-0.53,10.59,0.53,-0.23,0.08,34.25
5689176,1931,1,212498,260432,-1.88,-0.56,9.76,0.21,-0.41,0.27,34.25
5729170,1921,1,212553,259720,-1.51,-0.79,9.61,-0.18,-0.11,0.42,34.25
5769192,1938,1,212525,259189,-1.33,-1.14,9.56,-0.22,-0.21,0.38,34.25
5809191,1920,1,212182,258424,-0.57,-1.22,9.37,-0.15,-0.43,0.10,34.25
5849192,1968,1,211685,258013,-0.13,-1.07,9.00,-0.01,-0.28,0.09,34.25
5889190,1968,1,211744,258708,-0.65,-0.80,9.34,-0.03,0.16,0.18,34.25
5929176,1975,1,212212,259298,-1.07,-0.59,9.86,0.01,0.25,0.27,34.25
5969161,1966,1,212337,259689,-1.37,-0.50,9.72,-0.05,0.23,0.32,34.25
6009176,1968,1,212777,260019,-2.11,-1.02,10.55,-0.02,0.53,0.62,34.25
6049170,1956,1,212792,259867,-1.65,-1.12,10.23,0.00,-0.11,0.58,34.25
6089176,1984,1,212783,260151,-1.06,-1.24,9.34,-0.28,-0.15,0.52,34.25
6129191,2020,1,212826,260586,-1.41,-1.24,9.74,-0.42,-0.01,0.59,34.25
6169192,1959,1,212729,260474,-1.54,-1.12,10.30,-0.24,-0.16,0.77,34.25
6209191,1945,1,212317,260245,-1.03,-1.00,9.65,-0.03,-0.25,0.81,34.25
6249191,1936,1,212629,260641,-1.92,-1.09,10.39,0.03,0.27,1.12,34.25
6289164,1950,1,212563,259468,-1.78,-0.65,9.79,-0.10,-0.13,1.00,34.25
6329191,1903,1,212023,258868,-1.17,-0.34,9.30,-0.61,-0.14,0.55,34.25
6369190,1938,1,211579,258445,-0.99,-0.70,9.90,-0.58,-0.24,0.34,34.25
6409191,1915,1,211236,258375,-1.12,-0.64,10.44,-0.23,-0.28,0.56,34.25
6449191,1939,1,211398,258710,-0.98,-0.12,9.86,0.03,-0.23,0.89,34.25
6489176,1931,1,211880,259692,-0.82,0.18,9.61,-0.24,0.01,0.90,34.25
6529160,1926,1,212651,260318,-1.13,-0.36,10.57,-0.31,0.03,0.80,34.25
6569862,1927,1,212520,260073,-0.33,-0.52,9.69,-0.11,-0.49,0.55,34.23
6608235,1742,1,212376,259738,-0.33,-0.68,9.71,0.02,-0.36,0.47,34.23
6648176,1682,1,212168,259783,0.01,-0.65,9.57,0.05,-0.31,0.36,34.23
6688161,1685,1,212478,260414,-0.40,-1.08,10.03,-0.03,0.09,0.44,34.23
6728176,1814,1,212936,261077,-0.97,-0.91,10.32,-0.09,0.20,0.47,34.23
6768170,1780,1,213247,261322,-0.88,-0.73,10.00,0.04,-0.02,0.51,34.23
6808187,1794,1,213191,261170,-0.67,-0.51,9.70,-0.06,0.06,0.29,34.23
6848176,1094,1,213084,260588,-1.43,-0.95,10.85,-0.12,0.17,0.28,34.23
6888176,874,1,212830,260313,-1.28,-0.96,10.60,0.07,-0.06,0.18,34.23
6928176,838,1,212550,260285,-1.14,-0.88,10.04,0.10,-0.02,0.06,34.23
6968170,1574,1,212242,259979,-0.92,-0.71,9.64,0.11,-0.15,0.05,34.23
7008176,1917,1,211787,259607,-0.06,-0.23,8.45,-0.13,-0.38,-0.09,34.23
7048209,1243,1,211938,260030,-0.58,-0.68,9.26,-0.31,0.07,0.13,34.23
7088170,959,1,212387,260769,-0.75,-1.05,10.57,-0.12,0.26,0.38,34.23
7128176,762,1,212886,261424,-0.56,-1.33,10.68,0.12,0.19,0.33,34.23
7168164,646,1,212859,261379,-0.21,-1.39,10.27,0.07,-0.04,0.02,34.23
7208176,561,1,212536,261252,-0.35,-1.40,10.25,-0.07,-0.13,-0.14,34.23
7248209,544,1,212289,261076,-0.42,-1.87,10.46,-0.13,-0.14,-0.09,34.23
7288209,655,1,211981,260861,0.06,-1.75,9.93,-0.21,-0.29,-0.08,34.23
7328191,693,1,211578,260592,0.62,-1.68,9.18,-0.23,-0.20,-0.16,34.23
7368192,662,1,211420,260557,-0.06,-1.76,9.88,-0.21,0.12,-0.12,34.23
7408191,1011,1,211309,259960,-0.10,-1.73,9.87,0.03,0.04,-0.01,34.23
7448176,1119,1,211067,259523,-0.14,-1.53,9.47,0.07,0.12,0.04,34.23
7488161,1595,1,211057,259394,-0.79,-1.16,10.16,0.04,0.19,0.05,34.23
7528165,2085,1,211007,259345,-1.04,-1.02,10.13,0.25,0.09,0.19,34.23
7568161,1482,1,211228,259571,-1.56,-1.30,10.46,0.14,0.19,0.35,34.23
7608850,1535,1,211512,260055,-1.89,-1.32,10.46,-0.05,0.15,0.38,34.21
7649170,2087,1,211442,259487,-1.21,-0.99,9.80,-0.07,-0.26,0.33,34.21
7689192,1968,1,211046,259159,-0.73,-0.79,9.33,-0.10,-0.35,0.19,34.21
7729190,1977,1,211094,259521,-1.14,-1.09,9.88,-0.15,0.13,0.18,34.21
7769176,2032,1,211190,259596,-0.73,-1.05,9.72,0.07,-0.00,0.12,34.21
7809176,2026,1,211485,259903,-0.34,-0.92,9.74,0.15,0.04,0.04,34.21
7849165,2065,1,211666,259931,-0.26,-1.07,9.99,0.10,-0.05,-0.12,34.21
7889190,2001,1,211597,259948,-0.29,-1.44,9.79,-0.11,-0.05,-0.39,34.21
7929209,1985,1,211657,259722,-0.36,-1.21,9.72,-0.18,0.10,-0.40,34.21
7969191,2000,1,211291,258740,-0.49,-0.78,9.55,0.07,0.20,-0.45,34.21
8009176,1967,1,211344,258816,-0.72,-0.35,9.36,0.27,0.40,-0.50,34.21
8049170,2011,1,211588,259305,-1.41,-0.18,9.70,0.30,0.56,-0.58,34.21
8089176,1981,1,211971,259677,-2.23,-0.39,10.54,0.35,0.25,-0.69,34.21
8129170,1969,1,212092,259856,-2.16,-0.36,10.35,0.36,-0.17,-0.81,34.21
8169192,1971,1,212064,259874,-1.75,-0.13,9.93,0.21,-0.26,-0.84,34.21
8209191,1970,1,211964,259578,-1.32,-0.23,9.94,0.08,-0.15,-0.86,34.21
8249234,1955,1,211655,259390,-1.62,-0.87,9.99,-0.12,0.16,-0.91,34.21
8289191,1958,1,211834,259540,-1.53,-0.92,10.55,-0.16,0.41,-1.02,34.21
8329192,1949,1,212067,259748,-1.32,-1.73,10.16,0.20,-0.03,-1.29,34.21
8369191,1951,1,212123,259876,-0.49,-1.31,9.26,0.38,-0.10,-1.09,34.21
8409192,1944,1,212019,259836,-0.31,-1.07,9.12,0.58,-0.06,-0.92,34.21
8449233,1958,1,212184,260155,-1.17,-1.47,10.21,0.37,0.29,-0.86,34.21
8489176,1945,1,212206,255448,-1.76,-1.56,11.12,0.11,0.12,-0.99,34.21
8569190,1925,1,210267,255153,-0.45,-1.75,9.94,-0.07,-0.37,-1.38,34.21
8609897,1935,1,210667,256664,-0.10,-1.82,9.72,0.01,-0.22,-1.38,34.23
8648190,1942,1,211204,258032,-0.29,-1.32,9.62,0.28,-0.29,-1.03,34.23
8688192,1958,1,211769,258820,-0.38,-0.73,9.46,0.29,-0.19,-0.65,34.23
8728188,1973,1,212059,259211,-0.56,-0.13,9.54,0.06,-0.10,-0.50,34.23
8768189,2010,1,212212,259348,-0.53,0.05,9.47,-0.16,-0.07,-0.49,34.23
8808188,2027,1,212428,259543,-0.80,-0.24,9.58,-0.36,0.27,-0.52,34.23
8848192,2000,1,212506,260051,-1.57,-0.56,10.42,-0.35,0.47,-0.55,34.23
8888191,2001,1,212728,260597,-1.41,-0.55,9.96,-0.06,0.24,-0.51,34.23
8928192,2041,1,212985,260865,-0.95,-0.05,9.17,-0.01,0.25,-0.45,34.23
8968190,2025,1,213213,261133,-1.52,-0.16,10.19,0.00,0.58,-0.15,34.23
9008176,2018,1,213180,261206,-1.87,-0.36,10.57,-0.10,0.41,0.12,34.23
9048170,2020,1,212882,260005,-1.98,-0.52,10.45,-0.38,0.08,0.18,34.23
9088176,2014,1,212349,259332,-1.38,-1.26,9.45,-0.49,-0.28,0.14,34.23
9128191,2043,1,212085,258947,-1.15,-1.84,9.45,-0.37,-0.32,0.15,34.23
9168193,2011,1,211680,258774,-1.01,-1.95,10.02,-0.24,-0.60,0.29,34.23
9208190,2017,1,211395,258940,-0.53,-1.54,9.46,-0.04,-0.42,0.70,34.23
9248192,2030,1,211619,259480,-1.32,-1.64,10.46,-0.32,0.18,0.93,34.23
9288170,1972,1,211899,260128,-2.10,-1.41,10.72,-0.43,-0.02,1.04,34.23
9328192,2032,1,212073,259958,-1.24,-0.82,9.67,-0.08,-0.48,0.99,34.23
9368189,2013,1,212063,259753,-0.60,0.12,9.38,0.22,-0.65,0.74,34.23
9408164,2010,1,211739,259389,-0.49,0.30,9.28,0.29,-0.47,0.56,34.23
9448161,2000,1,211819,260064,-1.57,-0.61,10.73,-0.11,0.15,0.56,34.23
9488176,1958,1,212689,261145,-2.21,-0.91,11.28,-0.36,0.59,0.76,34.23
9528170,1990,1,213144,261356,-1.91,-0.13,10.09,-0.18,0.12,0.68,34.23
9568176,1971,1,213057,261155,-0.97,0.22,8.75,0.03,-0.18,0.42,34.23
9608161,1943,1,212812,260110,-0.93,0.28,8.83,0.06,0.07,0.43,34.23
9648830,1950,1,212361,258753,-1.07,0.08,9.37,0.08,0.08,0.58,34.21
9689141,1952,1,211979,258001,-0.93,-0.37,9.50,-0.03,0.02,0.63,34.21
9729176,1951,1,211618,257532,-0.80,-0.53,10.20,-0.41,-0.15,0.35,34.21
9769190,1968,1,210982,257228,-0.59,-1.30,10.23,-0.74,-0.23,-0.14,34.21
9809216,1919,1,210983,258222,-0.93,-2.25,10.29,-0.85,0.07,-0.23,34.21
9849191,1935,1,211275,258539,-0.66,-2.50,10.38,-0.47,0.11,-0.31,34.21
9889209,1941,1,210932,258202,-0.27,-2.50,10.47,-0.12,-0.22,-0.45,34.21
9929210,1925,1,210431,257775,-0.14,-2.67,10.27,-0.00,-0.29,-0.52,34.21
9969209,1929,1,210290,258159,-0.25,-2.87,10.11,0.02,-0.07,-0.33,34.21
10009191,1890,1,210994,259097,-0.75,-2.80,10.50,0.20,0.16,0.31,34.21
10049164,1907,1,211334,259107,-0.42,-2.01,9.32,0.30,-0.39,0.57,34.21
10089178,1920,1,211362,259362,-0.24,-1.51,8.48,0.03,-0.20,0.60,34.21
10129176,1921,1,211776,259610,-0.80,-1.53,9.18,-0.15,0.17,0.62,34.21
10169176,1899,1,211601,258822,-0.94,-1.51,9.69,-0.09,-0.12,0.36,34.21
10209192,1922,1,210639,255512,-0.29,-1.63,9.18,0.16,-0.29,0.22,34.21
10249176,1936,1,209163,253317,-0.69,-2.01,9.88,0.30,-0.14,0.21,34.21
10289205,1909,1,208698,253348,-1.18,-1.75,11.09,0.19,-0.24,0.26,34.21
10329176,1932,1,208365,254056,-0.55,-1.24,10.01,0.13,-0.38,0.48,34.21
10369176,1951,1,208633,255751,-1.01,-1.28,9.95,-0.07,0.00,0.76,34.21
10409170,1855,1,209588,256881,-0.82,-0.48,10.01,-0.15,-0.12,0.83,34.21
10449192,1931,1,210144,257123,-0.75,-0.47,9.98,0.22,-0.40,0.85,34.21
10489176,1931,1,209885,257202,-0.70,-0.04,10.30,0.29,-0.51,0.77,34.21
10528176,1917,1,209717,257540,-0.55,-0.38,9.87,0.17,-0.14,0.96,34.21
10568170,1921,1,210011,258236,-0.76,-0.26,10.22,-0.12,0.10,0.99,34.21
10608176,1914,1,210764,259073,-0.76,-0.33,9.97,-0.28,0.25,0.96,34.21
10648862,1927,1,211269,259498,-0.52,-0.10,9.58,-0.10,0.17,0.79,34.15
10689176,1680,1,211518,259798,-0.24,-0.07,9.76,0.11,0.15,0.59,34.15
10729162,1307,1,211932,260178,-0.23,-0.21,10.04,0.06,0.21,0.55,34.15
10769164,1815,1,212070,259202,-0.34,-0.40,10.23,0.04,0.13,0.46,34.15
10809161,1791,1,211701,258094,-0.55,-0.54,10.12,-0.06,0.06,0.46,34.15
10849176,1944,1,211722,258197,-0.36,-0.32,9.81,-0.21,0.07,0.55,34.15
10889176,1685,1,212024,258778,-0.52,-0.51,10.03,-0.32,0.06,0.45,34.15
10929176,1732,1,212038,258914,-0.36,-0.61,10.08,-0.29,-0.19,0.24,34.15
10969191,1930,1,211928,258858,0.07,-0.74,9.65,-0.15,-0.08,0.09,34.15
11009176,1933,1,211661,258773,-0.73,-1.17,10.18,-0.04,0.05,0.04,34.15
11049176,1799,1,211636,258518,-0.67,-0.82,9.87,0.10,-0.01,0.15,34.15
11089176,1870,1,211661,258360,-0.57,-0.63,9.95,0.13,-0.00,0.10,34.15
11129176,1954,1,211641,258522,-0.73,-0.61,9.56,-0.03,-0.11,0.03,34.15
11169192,2000,1,211714,258819,-0.32,-0.80,9.72,-0.19,0.01,-0.19,34.15
11209190,2007,1,211819,259036,-0.73,-1.51,10.23,-0.14,0.05,-0.32,34.15
11249193,1973,1,211865,259374,-0.70,-1.30,10.21,0.10,-0.09,-0.31,34.15
11289191,1953,1,212086,259633,-0.35,-1.13,9.91,0.24,-0.11,-0.16,34.15
11329193,1969,1,212248,259585,-0.51,-0.93,9.78,0.12,-0.02,-0.08,34.15
11369191,1947,1,211962,257683,-0.60,-1.19,10.14,-0.04,-0.03,-0.09,34.15
11409209,1924,1,211175,257145,-0.09,-1.16,9.79,-0.21,-0.23,-0.24,34.15
11449209,1938,1,211457,258835,0.04,-1.30,9.67,-0.32,-0.07,-0.28,34.15
11489191,1908,1,211964,259878,-0.34,-1.35,10.16,-0.26,0.05,-0.27,34.15
11528203,1902,1,212117,260477,-0.44,-1.34,9.91,-0.02,0.12,-0.09,34.15
11568192,1919,1,212083,260736,-0.33,-0.87,9.43,-0.01,0.25,0.01,34.15
11608176,1923,1,211655,260253,-0.32,-0.80,9.60,-0.07,0.17,-0.01,34.15
11648877,1867,1,211071,259915,-0.08,-0.92,9.72,-0.21,0.10,-0.13,34.15
11689191,1959,1,210799,259615,-0.33,-1.25,10.30,-0.23,0.13,-0.20,34.15
11729192,1929,1,210468,259260,0.03,-1.42,10.07,-0.14,-0.06,-0.35,34.15
11769191,1958,1,210356,259398,-0.45,-1.70,10.42,-0.09,0.21,-0.20,34.15
11809192,1990,1,210299,259368,-0.25,-1.75,10.31,0.07,0.14,-0.11,34.15
11849176,2000,1,210315,259476,-0.10,-1.45,9.51,0.05,0.18,-0.22,34.15
11889176,1936,1,210516,259607,-0.72,-1.47,9.59,0.05,0.46,-0.28,34.15
11929176,2007,1,210696,259452,-1.70,-1.37,10.04,0.12,0.47,-0.30,34.15
11969176,1970,1,210718,259253,-1.56,-1.19,9.66,0.27,-0.04,-0.33,34.15
12009191,2009,1,210731,259291,-1.37,-1.40,9.14,0.21,-0.02,-0.28,34.15
12049192,1967,1,210767,259557,-2.79,-1.94,10.58,-0.23,0.42,-0.20,34.15
12089191,1952,1,210979,259858,-3.03,-1.95,10.91,-0.07,0.10,-0.07,34.15
12129193,1983,1,210956,259880,-2.27,-1.32,9.54,0.13,-0.26,-0.23,34.15
12169191,1986,1,210903,259781,-1.75,-1.13,9.05,0.13,-0.16,-0.35,34.15
12209193,1959,1,210793,259640,-1.75,-1.19,9.38,0.10,-0.02,-0.39,34.15
12249191,1979,1,210552,259430,-1.70,-1.24,9.53,0.03,0.07,-0.48,34.15
12289176,1968,1,210335,259231,-1.78,-1.46,9.68,-0.18,0.13,-0.64,34.15
12329191,1975,1,210114,258956,-1.95,-1.52,10.03,-0.19,0.09,-0.71,34.15
12369192,1991,1,209777,258674,-1.47,-1.37,9.66,-0.04,-0.12,-0.81,34.15
12409210,1954,1,209610,258594,-1.26,-1.22,9.93,0.04,-0.11,-0.83,34.15
12449193,1947,1,209657,258640,-1.27,-1.20,10.00,0.20,-0.02,-0.89,34.15
12489191,1984,1,209571,258021,-1.42,-1.41,10.30,0.23,0.11,-0.95,34.15
12529176,1941,1,209309,257826,-2.06,-1.43,10.59,0.20,0.32,-0.90,34.15
12568170,1938,1,209516,258158,-1.54,-1.22,10.01,0.33,0.03,-0.81,34.15
12608176,1953,1,209754,258444,-0.93,-1.01,9.29,0.30,-0.15,-0.81,34.15
12648876,1925,1,209858,258538,-0.70,-1.12,9.29,0.16,-0.23,-0.79,34.21
12689192,1930,1,209876,258654,-0.54,-1.36,9.63,0.02,-0.18,-0.74,34.21
12729191,1922,1,209944,258802,-0.60,-1.51,9.71,-0.12,-0.06,-0.64,34.21
12769209,1949,1,210163,258991,-0.75,-1.67,9.97,-0.19,0.05,-0.69,34.21
12809191,1926,1,210372,259106,-0.62,-1.64,9.95,-0.13,-0.09,-0.71,34.21
12849209,1908,1,210375,259070,-0.25,-1.56,9.61,-0.12,-0.09,-0.71,34.21
12889210,1910,1,209967,258532,-0.33,-1.38,9.62,-0.16,0.17,-0.67,34.21
12929193,1875,1,209254,258064,-0.67,-1.33,10.05,-0.08,0.34,-0.54,34.21
12969191,1845,1,208661,257462,-0.76,-1.26,10.13,0.03,0.21,-0.39,34.21
13009176,1814,1,208426,257284,-0.98,-1.10,10.29,0.00,0.31,-0.19,34.21
13049170,1804,1,208280,256852,-0.60,-1.16,10.05,-0.10,0.10,-0.16,34.21
13089192,1767,1,208144,256155,-1.08,-1.23,10.31,-0.12,0.11,-0.08,34.21
13129191,1721,1,207831,255599,-0.91,-1.20,10.35,0.17,0.08,0.09,34.21
13169164,1710,1,207790,256076,-1.23,-1.22,10.03,0.30,-0.01,0.07,34.21
13209170,1671,1,208247,256687,-1.11,-1.08,9.65,0.32,-0.24,0.09,34.21
13249176,1658,1,208478,256244,-0.45,-1.09,9.50,0.14,-0.60,0.08,34.21
13289176,1647,1,208784,256310,-1.03,-1.17,9.53,-0.17,-0.31,0.26,34.21
13329193,1616,1,208576,255992,-0.60,-1.43,10.23,-0.19,-0.27,0.44,34.21
13369191,1652,1,208541,255972,-0.44,-1.36,9.98,-0.01,-0.23,0.53,34.21
13409192,1682,1,208624,256214,0.16,-1.18,9.66,0.05,-0.19,0.40,34.21
13449162,1702,1,209390,257641,-0.48,-1.17,10.04,0.04,0.11,0.42,34.21
13489164,1782,1,210217,258769,-0.82,-1.11,10.06,0.17,0.06,0.54,34.21
13529165,1828,1,210269,257981,-0.75,-0.43,9.23,-0.05,-0.43,0.58,34.21
13569230,1890,1,209917,257734,-0.13,-0.38,8.95,-0.27,-0.29,0.50,34.21
13609191,1971,1,209412,255338,-0.71,-0.55,9.48,-0.39,-0.03,0.65,34.21
13649878,2095,1,208024,251484,-1.22,-0.90,10.79,-0.22,-0.04,0.76,34.23
13688191,2192,1,207314,251100,-0.73,-0.61,10.32,0.12,-0.34,0.62,34.23
13728176,2219,1,207803,252109,-0.71,-0.30,10.33,0.24,-0.11,0.52,34.23
13768176,2276,1,208785,254197,-1.02,-0.36,10.44,0.29,-0.10,0.56,34.23
13808176,2327,1,209566,255251,-0.79,-0.34,9.84,0.08,-0.39,0.53,34.23
13848176,2346,1,209767,255541,-0.85,-0.22,9.93,-0.21,0.12,0.82,34.23
13888176,2335,1,209940,256318,-0.77,-0.06,10.35,-0.19,0.13,0.81,34.23
13928170,2352,1,210372,256970,-0.14,-0.17,9.88,-0.04,-0.41,0.47,34.23
13968192,2326,1,210338,256798,-0.12,-0.36,9.96,0.09,-0.42,0.34,34.23
14008176,2331,1,210092,256355,0.17,-0.37,9.43,-0.05,-0.20,0.19,34.23
14048176,2277,1,209998,256152,-0.33,-0.91,10.31,-0.07,0.05,0.22,34.23
14088170,2254,1,209765,256021,0.01,-0.92,10.16,0.09,-0.15,0.15,34.23
14128164,2201,1,209524,255612,0.24,-0.85,9.85,0.10,-0.10,0.09,34.23
14168161,2192,1,209024,254007,0.30,-0.65,9.79,0.06,-0.02,0.02,34.23
14208164,2135,1,208200,252363,0.16,-0.55,9.83,0.06,0.08,-0.04,34.23
14248160,2119,1,208269,252992,0.28,-0.44,9.92,0.01,0.14,-0.09,34.23
14288165,2077,1,208759,253980,0.00,-0.60,9.97,-0.09,0.15,-0.18,34.23
14328176,2075,1,209300,254822,-0.28,-0.82,9.93,-0.10,0.15,-0.20,34.23
14368192,2017,1,209675,255657,-0.21,-0.60,9.69,-0.03,0.04,-0.21,34.23
14408190,1979,1,209983,256040,-0.13,-0.37,9.46,0.08,0.04,-0.14,34.23
14448176,1975,1,210337,256203,-0.31,-0.57,9.83,0.03,-0.04,-0.07,34.23
14488191,1914,1,210371,255904,-0.31,-0.87,9.85,-0.11,-0.07,-0.04,34.23
14528209,1898,1,209964,255381,-0.11,-0.94,9.79,-0.33,-0.15,-0.10,34.23
14568210,1893,1,209743,255361,0.32,-0.77,9.41,-0.37,-0.19,-0.21,34.23
14608192,1883,1,209659,255636,0.33,-0.78,9.78,-0.20,-0.17,-0.24,34.23
14648190,1872,1,209938,256183,0.21,-0.76,10.00,-0.06,-0.06,-0.16,34.23
14688878,1859,1,210491,256589,0.08,-0.68,10.40,-0.02,0.20,0.06,34.21
14729160,1862,1,210534,255133,0.03,-0.61,10.42,-0.19,0.20,0.15,34.21
14769164,1861,1,209960,253715,-0.11,-0.86,10.74,-0.35,0.03,0.12,34.21
14809170,1870,1,209741,253991,0.16,-1.06,10.42,-0.42,-0.07,0.02,34.21
14849176,1853,1,209836,254575,0.37,-1.20,10.27,-0.31,-0.04,-0.02,34.21
14889190,1867,1,210064,255395,0.51,-1.27,9.94,-0.06,-0.01,0.09,34.21
14929176,1872,1,210201,255950,0.38,-1.26,9.98,0.05,0.04,0.21,34.21
14969141,1893,1,210552,257322,0.31,-1.38,10.02,-0.01,-0.05,0.23,34.21
15009179,1917,1,211267,258692,0.46,-1.62,9.73,-0.16,-0.20,0.19,34.21
15049176,1921,1,211447,259340,0.50,-1.69,9.51,-0.19,-0.16,0.19,34.21
15089176,1893,1,211363,259340,0.48,-1.76,9.85,-0.04,-0.09,0.23,34.21
15129176,1858,1,210932,259277,0.26,-1.62,9.97,0.19,0.06,0.21,34.21
15169144,1879,1,210876,259228,-0.09,-1.41,10.07,0.22,0.19,0.31,34.21
15209194,1909,1,210698,259000,-0.11,-1.23,10.06,0.01,0.09,0.33,34.21
15249164,1908,1,210414,258507,-0.13,-1.28,10.02,-0.17,-0.03,0.28,34.21
15289191,1884,1,210057,258075,-0.07,-1.37,9.53,-0.20,-0.11,0.26,34.21
15329192,1947,1,209764,257712,0.19,-1.17,9.76,-0.17,-0.20,0.10,34.21
15369176,1910,1,209426,257503,0.38,-1.16,9.67,-0.08,-0.28,0.02,34.21
15409197,1839,1,209163,257368,0.31,-1.26,9.90,0.02,-0.11,0.19,34.21
15449161,1855,1,209152,257478,-0.00,-1.26,10.20,0.02,0.11,0.33,34.21
15489164,1847,1,209196,257414,-0.04,-0.98,10.09,0.06,0.10,0.40,34.21
15529161,1873,1,209231,257463,-0.28,-0.67,9.67,-0.00,-0.01,0.33,34.21
15569192,1872,1,208971,257230,-0.45,-0.65,9.82,-0.09,-0.13,0.19,34.21
15609190,1885,1,208686,257147,-0.14,-0.56,9.71,-0.11,-0.24,0.16,34.21
15649193,1840,1,208631,257267,-0.31,-0.93,10.42,-0.06,-0.09,0.37,34.21
15689876,1841,1,208727,257181,-0.27,-0.89,10.78,0.01,-0.02,0.52,34.01
15728176,1911,1,208607,257101,-0.06,-0.82,10.52,0.06,-0.03,0.50,34.01
15768170,1874,1,208538,256959,0.11,-0.44,10.18,0.09,-0.01,0.42,34.01
15808164,1875,1,208396,256350,-0.02,-0.40,10.17,0.12,0.12,0.43,34.01
15848161,1910,1,208243,256158,0.01,-0.11,9.83,0.11,0.10,0.33,34.01
15888141,1903,1,208228,256219,0.01,-0.17,9.73,0.06,0.08,0.20,34.01
15928141,1917,1,208208,256419,0.08,-0.34,9.83,0.04,0.06,0.08,34.01
15968141,1918,1,208123,256602,0.17,-0.65,9.79,0.06,0.03,-0.01,34.01
16008160,1925,1,208070,256650,0.52,-0.62,9.54,-0.06,-0.04,-0.16,34.01
16048191,1877,1,208047,256813,0.12,-0.89,10.04,-0.20,0.06,-0.28,34.01
16088170,2001,1,208341,256896,-0.02,-0.82,10.55,-0.10,0.09,-0.25,34.01
16128192,1988,1,208169,256692,0.06,-1.01,9.96,-0.16,-0.05,-0.27,34.01
16168191,1934,1,207979,256638,-0.71,-1.08,10.21,-0.28,0.32,-0.10,34.01
16208192,1979,1,207957,256733,-0.81,-0.74,9.98,-0.04,0.29,0.03,34.01
16248170,2001,1,208023,256842,-0.61,-0.52,9.63,0.21,0.20,0.01,34.01
16288164,2000,1,208254,256991,-0.67,-0.48,9.86,0.21,0.14,-0.09,34.01
16328170,1984,1,208532,256899,-0.41,-0.90,9.60,0.09,0.09,-0.08,34.01
16368176,1968,1,208583,256294,-0.44,-1.21,9.82,-0.15,0.04,-0.17,34.01
16408191,1995,1,208550,256071,-0.48,-1.57,9.96,-0.43,0.01,-0.36,34.01
16448192,2000,1,208495,256077,-0.57,-1.59,9.92,-0.43,-0.13,-0.33,34.01
16488210,2054,1,208374,256237,-0.19,-1.67,9.58,-0.17,-0.28,-0.16,34.01
16528209,2026,1,208419,256645,-0.29,-1.81,9.55,-0.13,-0.03,-0.02,34.01
16568209,1975,1,208698,256895,-0.13,-1.75,9.99,-0.06,0.10,-0.05,34.01
16608192,1984,1,208828,256829,0.06,-1.79,9.67,-0.07,-0.09,-0.26,34.01
16648197,2000,1,208825,256619,-0.08,-1.92,10.18,-0.21,0.10,-0.41,34.01
16688193,1966,1,208630,256534,0.23,-2.01,9.83,-0.32,-0.03,-0.54,34.01
16728876,1983,1,208544,256528,-0.10,-1.90,9.79,-0.32,0.00,-0.39,34.13
16769192,1983,1,208601,256363,0.02,-1.69,9.62,-0.18,0.09,-0.03,34.13
16809176,1979,1,208395,255826,0.01,-1.55,9.37,-0.28,0.12,0.09,34.13
16849164,1963,1,207693,255232,0.11,-1.70,9.39,-0.50,0.09,0.00,34.13
16889160,1977,1,207300,254806,-0.55,-2.15,10.03,-0.46,0.28,0.08,34.13
16929176,1945,1,207220,254626,-0.57,-2.55,10.64,-0.11,0.18,0.13,34.13
16969176,1983,1,207423,255067,-0.43,-2.58,10.67,0.09,0.15,0.12,34.13
17009164,1965,1,207718,255350,-0.57,-2.67,10.76,0.16,0.05,0.09,34.13
17049164,1966,1,207681,255277,-0.15,-2.53,10.39,0.26,-0.14,0.01,34.13
17089176,1965,1,207596,255181,-0.59,-2.74,10.13,0.15,0.01,-0.04,34.13
17129170,1946,1,207343,254678,-0.79,-2.70,9.96,0.10,-0.10,-0.15,34.13
17169192,1983,1,206781,253487,-0.63,-2.29,9.33,0.16,-0.21,-0.32,34.13
17209191,1914,1,206042,252948,-0.47,-1.75,9.21,0.40,-0.65,-0.58,34.13
17249192,1984,1,205380,253078,-0.24,-1.25,8.75,0.30,-0.62,-0.51,34.13
17289191,1968,1,205250,253349,-0.67,-1.79,9.60,0.09,0.27,-0.04,34.13
17329176,1953,1,205643,253371,-0.88,-1.58,10.29,0.08,0.40,0.10,34.13
17369161,1927,1,205929,253703,-1.04,-1.65,9.74,0.26,0.05,0.11,34.13
17409164,1954,1,206251,254346,0.06,-1.16,9.19,0.18,-0.12,0.01,34.13
17449162,1840,1,206760,254585,0.08,-1.38,9.38,-0.02,0.01,-0.04,34.13
17489176,1884,1,206827,254114,-0.15,-1.63,10.15,-0.03,0.20,-0.12,34.13
17529191,1938,1,206454,253779,-0.08,-1.53,9.98,-0.06,0.21,-0.47,34.13
17569203,1975,1,205893,253925,-0.52,-1.46,9.69,-0.19,0.40,-0.87,34.13
17609191,1970,1,205698,254161,-0.81,-1.26,9.66,-0.13,0.43,-1.05,34.13
17649192,1959,1,205622,254275,-0.82,-1.04,9.61,0.06,0.28,-1.02,34.13
17689170,1969,1,205535,254242,-1.26,-1.41,10.25,0.02,0.17,-0.95,34.13
17729862,1943,1,205339,254104,-0.92,-1.55,10.35,-0.16,-0.22,-1.11,34.09
17768209,1954,1,204924,253831,-0.73,-1.97,10.43,-0.34,-0.31,-1.26,34.09
17808209,1968,1,204641,253765,-0.54,-2.36,10.28,-0.24,-0.17,-1.27,34.09
17848209,1947,1,204623,253784,-0.34,-2.49,9.81,-0.03,0.15,-1.22,34.09
17888192,1948,1,204811,253796,-0.69,-2.28,9.70,0.23,0.47,-1.04,34.09
17928176,1963,1,204949,253977,-0.55,-1.78,9.09,0.43,0.40,-1.00,34.09
17968176,1955,1,205184,253992,-0.73,-1.76,9.19,0.36,0.45,-0.93,34.09
18008176,1956,1,205294,253886,-0.88,-1.72,9.34,0.24,0.36,-0.91,34.09
18048176,1987,1,205379,253453,-1.03,-1.82,9.68,0.13,0.25,-0.96,34.09
18088170,1970,1,205145,252746,-0.98,-1.56,10.01,0.08,0.04,-1.08,34.09
18128176,1978,1,205099,252981,-0.64,-1.66,10.09,0.04,-0.07,-1.13,34.09
18168191,1987,1,205162,253466,-0.13,-1.66,10.09,-0.02,-0.21,-1.03,34.09
18208209,1995,1,205307,253839,0.05,-1.55,10.17,-0.08,-0.12,-0.84,34.09
18248191,1989,1,205153,254089,0.13,-1.40,10.04,-0.13,-0.23,-0.85,34.09
18288192,1987,1,205217,254351,-0.03,-1.60,10.18,-0.08,0.15,-0.67,34.09
18328191,2019,1,205481,254532,-0.04,-1.62,10.41,0.04,0.12,-0.60,34.09
18368176,2018,1,205695,254723,-0.08,-1.47,10.18,-0.01,0.08,-0.58,34.09
18408191,2025,1,206030,255197,-0.44,-1.62,10.28,-0.10,0.28,-0.43,34.09
18448192,1998,1,206142,255286,-0.36,-1.54,10.09,-0.08,0.03,-0.40,34.09
18488218,1990,1,206012,255210,-0.05,-1.29,9.45,-0.08,-0.14,-0.35,34.09
18528209,1997,1,205907,255246,-0.09,-1.58,9.57,-0.15,0.08,-0.25,34.09
18568190,1983,1,205815,255258,-0.20,-1.69,9.75,-0.17,0.12,-0.17,34.09
18608192,1999,1,205859,254910,-0.39,-1.87,9.95,-0.15,0.17,-0.01,34.09
18648191,1984,1,205588,254029,-0.67,-1.79,10.16,-0.04,-0.04,0.13,34.09
18688226,1969,1,205481,253984,-0.54,-1.59,10.01,-0.10,-0.26,0.30,34.09
18728191,1981,1,205563,254096,-0.25,-1.65,9.96,-0.25,-0.24,0.39,34.09
18768878,1968,1,205397,253951,-0.21,-1.76,10.08,-0.18,-0.36,0.42,34.23
18809191,1968,1,205332,254263,-0.14,-2.39,9.91,-0.05,-0.22,0.62,34.23
18849192,1979,1,205833,254758,-0.53,-2.65,9.70,-0.11,0.20,0.64,34.23
18889176,1953,1,205855,254603,0.35,-1.98,8.82,-0.01,-0.21,0.33,34.23
18929176,1968,1,205552,254212,0.39,-1.75,8.76,-0.03,-0.29,0.09,34.23
18969176,1965,1,205231,253983,0.23,-1.89,9.25,-0.13,-0.01,0.04,34.23
19009176,1968,1,205306,254305,-0.51,-2.55,10.02,-0.02,0.42,0.24,34.23
19049176,1940,1,205952,254891,-1.05,-2.32,10.53,0.24,0.56,0.37,34.23
19089164,1943,1,206487,255180,-1.01,-1.70,9.85,0.41,0.14,0.33,34.23
19129164,1957,1,206899,255686,-0.86,-1.31,9.37,0.34,0.08,0.33,34.23
19169165,1938,1,207371,255916,-0.84,-1.15,9.75,0.09,0.19,0.32,34.23
19209165,1953,1,207353,254471,-1.01,-1.31,9.99,-0.11,0.04,0.30,34.23
19249176,1936,1,206535,252532,-1.16,-1.29,10.25,-0.20,-0.08,0.27,34.23
19289191,1906,1,206013,251977,-0.93,-1.42,10.31,-0.09,-0.18,0.30,34.23
19329192,1983,1,205910,252203,-1.19,-1.68,10.61,0.00,-0.12,0.33,34.23
19369176,1972,1,206070,252886,-0.97,-1.39,10.34,0.03,-0.10,0.33,34.23
19409176,1974,1,206166,253303,-0.40,-0.81,9.74,0.03,-0.19,0.30,34.23
19449176,1975,1,206140,253436,-0.15,-0.53,9.50,-0.07,-0.17,0.25,34.23
19489192,1984,1,205939,253390,-0.11,-0.60,9.80,-0.13,-0.03,0.28,34.23
19529191,1999,1,205992,253947,-0.06,-1.02,10.00,-0.17,0.00,0.19,34.23
19569176,1963,1,206073,254163,-0.31,-1.09,10.11,-0.27,0.07,0.03,34.23
19609170,1994,1,205993,254208,-0.42,-1.02,9.95,-0.14,0.23,-0.03,34.23
19649192,1975,1,205879,254277,-0.68,-0.93,9.87,0.06,0.29,-0.00,34.23
19689176,1968,1,205871,254476,-0.63,-0.91,9.59,0.22,0.29,-0.06,34.23
19729176,1970,1,205985,254720,-0.74,-1.14,9.66,0.17,0.34,-0.13,34.23
19769856,1962,1,206062,254508,-0.71,-0.91,9.79,0.07,0.16,-0.30,34.25
19808176,1984,1,205529,253333,-0.77,-0.91,9.35,-0.10,-0.12,-0.51,34.25
19848209,1977,1,205018,253090,-1.26,-1.11,10.04,-0.31,0.07,-0.48,34.25
19888193,1975,1,205030,253722,-1.60,-1.33,10.79,-0.20,-0.10,-0.17,34.25
19928210,1942,1,205000,253895,-1.11,-1.18,10.06,-0.01,-0.34,0.12,34.25
19968193,1951,1,204926,254303,-0.89,-1.29,9.88,-0.12,-0.32,0.33,34.25
20008191,1942,1,205095,254725,-1.12,-1.72,10.13,-0.30,-0.05,0.49,34.25
20048193,1931,1,205004,254754,-1.11,-2.01,9.90,-0.31,-0.27,0.44,34.25
20088191,1904,1,204739,254517,-0.93,-2.36,9.41,-0.20,-0.37,0.30,34.25
20128201,1900,1,204452,254341,-0.78,-2.35,9.36,-0.04,-0.29,0.24,34.25
20168191,1931,1,204256,254219,-0.72,-2.40,9.42,0.11,-0.05,0.24,34.25
20208176,1913,1,204239,254041,-1.07,-2.30,9.86,0.09,0.22,0.40,34.25
20248161,1907,1,204428,254175,-1.35,-2.20,10.00,0.01,0.26,0.53,34.25
20288164,1925,1,204901,254315,-1.39,-1.86,10.16,-0.15,0.22,0.54,34.25
20328199,1942,1,205241,254009,-1.48,-2.15,10.13,-0.18,-0.03,0.58,34.25
20368192,1936,1,205175,253294,-1.43,-2.27,9.80,-0.23,-0.05,0.56,34.25
20408191,1958,1,204494,250796,-1.18,-2.41,9.70,-0.11,-0.19,0.63,34.25
20448192,1963,1,203440,249160,-0.98,-2.21,9.47,-0.04,-0.27,0.67,34.25
20488191,1952,1,203357,249981,-1.14,-1.96,9.62,-0.07,-0.16,0.74,34.25
20528192,1935,1,203820,250992,-1.18,-2.14,9.97,0.01,-0.17,0.78,34.25
20568170,1900,1,204152,252168,-1.25,-2.26,9.88,0.08,-0.29,0.62,34.25
20608176,1940,1,204519,253007,-0.96,-2.02,9.60,-0.10,-0.44,0.59,34.25
20648191,1936,1,204755,253222,-0.59,-1.74,9.78,-0.20,-0.20,0.64,34.25
20688193,1931,1,204827,253399,-0.84,-1.82,9.91,-0.02,-0.04,0.69,34.25
20728191,1919,1,204987,253517,-1.05,-1.59,9.71,0.04,-0.03,0.83,34.25
20768176,1913,1,204922,253279,-0.42,-1.22,9.11,0.01,-0.18,0.71,34.25
20808862,1931,1,204578,253089,-0.29,-1.18,8.95,-0.20,-0.26,0.62,34.17
20849192,1935,1,204519,253015,-0.47,-1.41,9.86,-0.33,-0.06,0.84,34.17
20889191,1955,1,204339,252970,-0.42,-1.48,10.06,-0.29,-0.08,0.79,34.17
20929192,1936,1,204350,252900,-0.76,-1.57,10.53,-0.11,-0.05,0.71,34.17
20969191,1970,1,204152,251892,-0.42,-1.44,10.37,0.07,-0.22,0.56,34.17
21009176,1927,1,203505,250255,-0.11,-1.32,9.96,-0.01,-0.35,0.26,34.17
21049191,1959,1,203655,250699,-0.68,-1.54,10.59,-0.01,-0.17,0.33,34.17
21089192,1968,1,203844,250791,-0.06,-1.43,9.97,-0.06,-0.32,0.25,34.17
21129190,1935,1,203783,250965,-0.43,-1.70,10.19,-0.07,-0.23,0.33,34.17
21169193,1936,1,203885,251429,-0.53,-1.68,9.90,-0.09,-0.09,0.37,34.17
21209190,1980,1,203886,251418,-0.19,-1.41,9.54,-0.05,-0.05,0.28,34.17
21249192,1915,1,203770,251392,-0.19,-1.08,9.35,-0.02,0.07,0.19,34.17
21289176,1933,1,203766,251419,-0.26,-1.07,9.71,-0.02,0.14,0.10,34.17
21329176,1934,1,203813,251514,-0.36,-1.14,9.85,-0.03,0.14,0.06,34.17
21369170,1922,1,203838,251554,-0.38,-1.16,9.98,-0.12,0.10,0.06,34.17
21409176,1950,1,203780,251535,-0.30,-1.11,10.04,-0.14,0.02,0.06,34.17
21449170,1869,1,203662,251330,-0.04,-0.99,9.76,-0.14,-0.13,-0.05,34.17
21489209,1893,1,203464,250723,-0.22,-1.13,9.80,-0.16,-0.11,-0.15,34.17
21529209,1712,1,202836,247282,-0.46,-1.02,10.24,0.01,-0.06,-0.10,34.17
21569192,1824,1,201125,243359,-0.38,-1.30,9.79,0.11,0.09,-0.04,34.17
21609170,1949,1,200873,243573,-1.12,-1.55,10.25,0.14,0.37,0.09,34.17
21649165,1924,1,201253,244263,-1.30,-1.11,10.15,0.36,0.30,0.24,34.17
21689165,1838,1,201576,244869,-1.14,-0.73,9.69,0.52,0.23,0.38,34.17
21729164,1786,1,201872,245622,-1.01,-0.77,9.44,0.40,0.13,0.24,34.17
21769162,1853,1,201982,245861,-1.06,-1.05,9.99,0.04,-0.09,-0.12,34.17
21809878,1758,1,202103,247181,-0.91,-1.18,9.93,-0.11,-0.37,-0.27,34.15
21848210,1678,1,202419,248522,-0.30,-1.24,9.71,-0.08,-0.36,-0.26,34.15
21888209,1664,1,202634,249411,-0.25,-1.33,9.73,-0.06,-0.28,-0.29,34.15
21928209,1563,1,202923,250438,-0.35,-1.43,9.81,-0.03,-0.11,-0.20,34.15
21968224,1533,1,203193,250976,-0.35,-1.47,9.77,0.03,-0.02,-0.14,34.15
22008191,1702,1,203185,251278,-0.22,-1.37,9.89,0.05,-0.14,-0.26,34.15
22048192,1771,1,203251,251448,0.04,-1.42,9.89,-0.03,-0.15,-0.28,34.15
22088191,1780,1,203104,250304,0.13,-1.65,9.72,-0.12,0.06,-0.18,34.15
22128176,1781,1,202747,249837,-0.12,-1.87,10.13,-0.28,0.12,-0.15,34.15
22168203,1723,1,202904,250129,0.01,-1.66,9.88,-0.38,-0.14,-0.26,34.15
22208192,1713,1,202991,250376,-0.01,-1.53,9.69,-0.33,-0.12,-0.25,34.15
22248210,1689,1,202849,250807,-0.02,-1.52,9.82,-0.29,-0.10,-0.10,34.15
22288209,1490,1,202908,251153,0.12,-1.29,9.58,-0.23,-0.17,0.03,34.15
22328170,1710,1,202838,250975,0.15,-1.44,9.76,-0.25,-0.20,0.09,34.15
22368176,1571,1,202664,250834,0.47,-1.46,9.59,-0.29,-0.18,0.08,34.15
22408176,1475,1,202577,250975,0.44,-1.69,9.90,-0.22,-0.01,0.15,34.15
22448176,1611,1,202617,251124,0.45,-1.67,10.09,-0.08,0.13,0.24,34.15
22488165,1909,1,202729,251370,0.16,-1.94,10.54,-0.08,0.22,0.23,34.15
22528164,1565,1,203006,251801,0.03,-2.13,10.72,-0.06,0.01,0.13,34.15
22568165,2056,1,203054,252394,0.24,-2.33,10.56,-0.04,-0.10,0.04,34.15
22607176,2192,1,203236,252585,0.32,-1.88,10.30,0.06,-0.13,-0.03,34.15
22647170,2047,1,203009,250803,0.29,-2.08,9.90,0.18,0.12,0.02,34.15
22687142,2143,1,202052,247610,-0.31,-2.08,10.13,0.08,0.41,0.02,34.15
22727162,2141,1,201296,246268,-0.41,-1.91,9.70,0.13,0.05,-0.09,34.15
22767176,2163,1,200846,246114,-0.18,-1.53,9.07,0.06,-0.13,-0.03,34.15
22807191,2169,1,200816,246326,-0.53,-1.61,9.34,0.01,0.28,0.28,34.15
22847850,2047,1,200877,247272,-1.05,-1.87,9.96,0.02,0.60,0.55,34.01
22888161,2064,1,201490,248007,-1.74,-2.19,10.43,0.14,0.49,0.55,34.01
22928164,2059,1,201725,248075,-1.61,-1.86,10.10,0.20,-0.05,0.20,34.01
22968170,2047,1,201705,248144,-0.97,-1.62,9.34,0.17,-0.35,-0.13,34.01
23008192,2034,1,201820,248609,-0.44,-1.43,9.03,0.02,-0.22,-0.17,34.01
23048191,2031,1,201954,249214,-0.35,-1.68,9.22,-0.13,-0.08,-0.26,34.01
23088209,2037,1,202279,249888,-0.49,-1.90,9.62,-0.22,0.16,-0.41,34.01
23128191,2010,1,202511,250505,-0.65,-2.15,10.07,-0.22,0.20,-0.67,34.01
23168192,2000,1,202712,251017,-0.71,-2.12,10.11,-0.02,0.13,-0.83,34.01
23208191,1979,1,202915,250407,-0.68,-1.78,9.89,0.19,0.29,-0.80,34.01
23248176,1957,1,202125,246773,-1.01,-1.73,10.23,0.24,0.26,-0.81,34.01
23288176,1949,1,201005,245079,-1.06,-1.91,10.29,0.14,0.06,-0.97,34.01
23328176,1918,1,200757,244849,-1.07,-2.07,10.10,-0.02,0.02,-1.13,34.01
23368191,1920,1,200729,245378,-1.07,-1.99,9.95,0.05,0.11,-1.10,34.01
23408176,1927,1,201239,247253,-1.24,-1.87,9.75,0.19,0.28,-0.99,34.01
23448176,1939,1,202032,248627,-1.22,-1.80,9.44,0.28,0.25,-1.02,34.01
23488176,1935,1,202338,249099,-1.10,-1.71,9.24,0.24,0.15,-1.08,34.01
23528170,1887,1,202470,249091,-0.96,-1.60,9.08,0.15,0.13,-1.02,34.01
23568176,1904,1,202385,248929,-1.00,-1.58,9.33,0.01,0.07,-1.02,34.01
23607170,1941,1,202285,248889,-0.90,-1.70,9.39,-0.14,-0.01,-1.05,34.01
23647209,1931,1,202240,248990,-0.68,-1.81,9.50,-0.20,-0.04,-1.08,34.01
23687218,1938,1,202074,248800,-0.38,-1.84,9.48,-0.08,-0.04,-1.05,34.01
23727209,1979,1,201952,248592,-0.46,-1.70,9.54,-0.04,0.20,-0.92,34.01
23767190,1984,1,201757,245956,-1.01,-1.70,10.20,-0.01,0.48,-0.72,34.01
23807192,1967,1,200242,242311,-1.02,-1.52,10.43,-0.00,0.28,-0.71,34.01
23847876,1939,1,199689,241794,-1.10,-1.65,10.65,-0.13,0.24,-0.76,34.17
23888192,1919,1,199864,242378,-1.19,-2.00,10.91,-0.19,0.15,-0.81,34.17
23928191,1919,1,199909,242672,-0.60,-1.90,10.14,-0.13,-0.10,-0.74,34.17
23968209,1921,1,199875,243254,-0.27,-1.77,9.64,-0.10,-0.10,-0.58,34.17
24008209,1933,1,200200,244151,-0.36,-1.75,9.76,-0.09,0.09,-0.34,34.17
24048193,1922,1,200421,244136,-0.48,-1.53,9.58,-0.18,0.15,-0.20,34.17
24088190,1942,1,200520,244277,-1.37,-1.74,10.25,-0.21,0.35,-0.08,34.17
24128192,1933,1,200819,245260,-1.89,-2.28,10.68,-0.10,-0.00,0.06,34.17
24168191,1946,1,201195,246371,-1.33,-1.94,10.11,0.08,-0.31,0.04,34.17
24208176,1935,1,201523,247390,-1.00,-1.97,9.56,0.09,-0.32,0.16,34.17
24248170,1957,1,201772,248245,-0.91,-2.05,9.62,0.01,-0.24,0.24,34.17
24288176,1936,1,202016,248935,-0.80,-2.07,9.61,-0.03,-0.27,0.33,34.17
24328190,1957,1,202121,247563,-0.63,-1.64,9.25,0.10,-0.33,0.51,34.17
24368176,1979,1,201112,243277,-0.74,-1.99,9.59,-0.10,0.06,0.43,34.17
24408170,1973,1,200288,242500,-0.57,-2.84,9.92,-0.13,-0.41,0.15,34.17
24448193,1970,1,200105,243266,-0.12,-2.97,10.02,-0.06,-0.67,-0.01,34.17
24488209,2016,1,200037,244312,0.54,-2.46,9.37,0.13,-0.73,-0.18,34.17
24528176,1985,1,200593,247020,0.51,-2.26,9.24,0.24,-0.16,0.17,34.17
24568164,1962,1,201833,249181,0.17,-1.84,9.71,0.14,0.16,0.28,34.17
24608144,1984,1,202424,249965,0.19,-1.79,9.58,0.18,-0.05,0.35,34.17
24648165,1961,1,202680,250606,0.11,-1.54,9.40,-0.02,0.01,0.29,34.17
24688164,1933,1,202957,251215,-0.13,-1.64,9.83,-0.14,-0.09,0.21,34.17
24728190,1965,1,202930,251276,0.12,-1.15,9.55,-0.19,-0.27,0.15,34.17
24768176,1950,1,202756,251318,0.21,-0.97,9.35,-0.43,-0.05,0.18,34.17
24808176,1945,1,202693,251346,-0.64,-1.43,10.45,-0.71,0.23,0.14,34.17
24848862,1943,1,202669,251215,-0.35,-2.18,10.63,-0.58,-0.28,0.09,34.13
24887191,1975,1,202444,251623,0.33,-2.50,10.02,-0.54,-0.28,0.04,34.13
24927176,1952,1,202381,251538,0.58,-2.81,10.47,-0.37,-0.18,-0.13,34.13
24967191,1919,1,201843,250647,1.11,-2.60,9.97,-0.06,-0.21,-0.33,34.13
25007192,1913,1,201502,250429,1.16,-2.37,9.23,0.12,-0.11,-0.46,34.13
25067176,1995,1,201537,251108,-0.07,-2.30,9.90,0.20,0.73,-0.13,34.13
25107176,1935,1,201805,252138,-0.32,-2.14,9.74,0.10,0.54,-0.02,34.13
25147176,1940,1,202437,253174,-0.39,-1.60,9.69,0.04,0.57,-0.04,34.13
25187176,1906,1,202753,253506,-0.38,-1.37,9.52,0.09,0.34,-0.08,34.13
25227176,1925,1,202836,253581,-0.44,-1.57,9.78,0.19,0.25,-0.16,34.13
25267176,1972,1,203027,254066,-0.45,-1.72,9.72,0.12,0.18,-0.19,34.13
25307170,1973,1,203264,254517,-0.40,-1.83,9.78,-0.01,0.16,-0.19,34.13
25347192,1945,1,203249,254543,-0.22,-1.99,9.48,-0.13,0.08,-0.07,34.13
25387190,1981,1,203164,254455,-0.67,-2.43,9.80,-0.23,0.35,0.18,34.13
25427176,1951,1,203136,254475,-1.28,-2.54,10.45,-0.09,0.16,0.11,34.13
25467176,1987,1,203173,254730,-1.25,-1.85,9.84,-0.02,-0.16,0.05,34.13
25507193,1975,1,203090,254279,-0.86,-1.34,9.35,-0.12,-0.25,0.06,34.13
25547191,1993,1,202556,252970,-1.05,-1.36,9.40,-0.27,-0.24,0.11,34.13
25587192,1938,1,202181,252466,-1.29,-1.91,9.37,-0.24,-0.12,0.25,34.13
25627191,1995,1,202193,252564,-1.59,-2.61,9.76,-0.18,0.06,0.37,34.13
25667176,1981,1,202242,252860,-1.41,-2.87,9.72,-0.11,-0.12,0.40,34.13
25707191,1984,1,202283,253015,-0.72,-2.87,9.46,-0.19,-0.29,0.45,34.13
25747193,2013,1,202181,252996,-0.49,-3.06,9.63,-0.26,-0.20,0.60,34.13
25787191,1981,1,202056,252711,-0.46,-3.07,9.68,-0.31,-0.17,0.64,34.13
25827192,1984,1,201851,252535,-0.76,-3.15,10.07,-0.30,-0.12,0.58,34.13
25867877,1984,1,201629,252363,-1.12,-3.34,10.26,-0.22,-0.20,0.55,34.15
25908192,1934,1,201624,252420,-1.29,-3.46,10.07,-0.09,-0.26,0.49,34.15
25948191,1997,1,201737,252655,-1.11,-3.34,9.74,0.01,-0.28,0.41,34.15
25988176,1954,1,201818,252857,-0.71,-3.20,9.46,0.04,-0.19,0.42,34.15
26028176,2002,1,201953,253108,-0.73,-3.25,9.63,0.08,-0.14,0.41,34.15
26068192,1957,1,202124,253084,-0.56,-3.02,9.39,0.12,-0.24,0.49,34.15
26108170,1991,1,201715,251391,-0.38,-2.78,9.14,0.05,-0.27,0.59,34.15
26148176,1964,1,201101,250465,-0.66,-2.74,9.56,-0.00,-0.24,0.69,34.15
26188191,1947,1,200986,250621,-0.65,-3.05,9.61,0.02,-0.26,0.70,34.15
26228176,1943,1,201127,250888,-0.44,-3.28,9.67,0.03,-0.19,0.70,34.15
26268225,1905,1,201377,251727,-0.76,-3.23,10.09,0.00,-0.12,0.55,34.15
26308176,1923,1,201803,252656,-0.35,-2.60,9.48,0.12,-0.37,0.44,34.15
26348170,1955,1,202060,252983,-0.12,-2.25,9.34,0.11,-0.37,0.43,34.15
26388176,1946,1,202165,253312,-0.21,-2.44,9.69,0.08,-0.21,0.52,34.15
26428170,1959,1,202309,253491,0.20,-2.42,9.51,0.03,-0.21,0.48,34.15
26468193,1939,1,202340,253672,0.32,-2.43,9.49,-0.06,-0.25,0.38,34.15
26508176,1934,1,202455,253901,0.17,-2.17,9.28,-0.13,-0.30,0.30,34.15
26548176,1978,1,202596,254105,0.65,-1.94,9.25,-0.19,-0.37,0.19,34.15
26588170,1947,1,202484,254056,0.60,-2.62,9.98,-0.20,-0.27,0.15,34.15
26628176,1922,1,202468,254185,0.22,-2.90,10.57,-0.01,-0.26,0.34,34.15
26668176,1937,1,202447,253502,0.71,-2.59,9.74,0.04,-0.17,0.45,34.15
26707164,1985,1,201744,251441,0.35,-2.50,9.78,-0.01,0.04,0.51,34.15
26747161,1954,1,201265,250554,0.09,-2.35,9.95,-0.01,0.04,0.47,34.15
26787164,1968,1,201162,250582,-0.00,-2.30,9.97,0.05,-0.05,0.43,34.15
26827176,1946,1,201210,250572,-0.18,-2.19,10.11,0.12,-0.04,0.45,34.15
26867176,1948,1,201185,250627,-0.07,-2.06,9.95,0.18,-0.02,0.46,34.15
26907856,1983,1,201349,251162,-0.31,-1.98,10.01,0.18,0.04,0.46,34.09
26948164,1963,1,201547,251605,-0.17,-1.67,9.86,0.17,-0.04,0.36,34.09
26988170,1972,1,201600,251799,0.06,-1.29,9.55,0.16,-0.00,0.30,34.09
27028165,1927,1,201709,252163,-0.06,-1.31,9.62,0.06,0.12,0.19,34.09
27068161,1965,1,201782,252332,0.03,-1.07,9.25,-0.07,0.09,0.08,34.09
27108164,1948,1,201900,252653,-0.09,-1.26,9.51,-0.16,0.15,0.07,34.09
27148170,1936,1,201878,252652,-0.05,-1.58,9.95,-0.24,-0.03,-0.07,34.09
27188209,1941,1,201834,252859,-0.12,-1.75,10.18,-0.07,-0.09,0.03,34.09
27228190,1947,1,201918,252821,0.00,-1.76,10.16,0.02,-0.12,0.03,34.09
27268164,1931,1,201813,252013,0.02,-1.62,9.99,0.08,-0.12,0.04,34.09
27308161,1937,1,200910,248717,0.04,-1.56,9.95,0.20,-0.20,0.05,34.09
27348164,1961,1,199528,245658,-0.28,-1.47,10.30,0.37,0.02,0.07,34.09
27388165,1935,1,199270,245543,-0.42,-1.34,10.43,0.43,0.22,0.16,34.09
27428164,1849,1,199664,246418,-0.65,-1.58,10.31,0.26,0.56,0.17,34.09
27468165,1875,1,200452,248356,-0.93,-1.31,10.41,0.13,0.39,0.16,34.09
27508165,1809,1,201017,249528,-0.31,-1.05,9.38,0.17,-0.17,0.00,34.09
27548176,1810,1,201367,250329,0.04,-1.01,9.06,0.00,-0.20,-0.14,34.09
27588176,1775,1,201536,250896,0.34,-1.47,9.25,-0.20,-0.22,-0.20,34.09
27628191,1698,1,201629,251332,0.45,-1.90,9.38,-0.30,-0.26,-0.24,34.09
27668192,1660,1,201812,251956,0.49,-2.12,9.26,-0.34,-0.08,-0.28,34.09
27708191,1589,1,201977,252268,0.26,-2.27,9.52,-0.27,0.11,-0.29,34.09
27748176,1582,1,201922,252345,0.11,-2.42,9.83,-0.18,0.11,-0.35,34.09
27788170,1488,1,201895,252352,0.01,-2.69,9.82,-0.16,0.16,-0.41,34.09
27828176,1535,1,201685,252042,-0.24,-2.74,9.97,-0.18,0.25,-0.35,34.09
27868191,1535,1,201113,251338,-0.22,-2.72,10.10,-0.13,0.10,-0.27,34.09
27908879,1562,1,200475,250751,0.01,-2.36,9.89,-0.04,-0.17,-0.26,34.07
27947191,1660,1,200389,250883,0.35,-1.92,9.46,-0.02,-0.10,-0.36,34.07
27987192,1728,1,200510,251175,0.11,-1.96,10.12,-0.05,-0.04,-0.40,34.07
28027188,1774,1,200761,251513,-0.34,-1.92,10.60,-0.00,-0.18,-0.22,34.07
28067207,1839,1,201022,251923,0.00,-1.65,10.18,-0.01,-0.15,0.03,34.07
28107181,1863,1,201227,252218,-0.23,-1.47,10.14,-0.18,-0.11,0.18,34.07
28147188,1935,1,201538,252754,0.07,-1.37,9.89,-0.11,-0.44,0.21,34.07
28228183,2100,1,201504,252827,0.92,-1.87,9.52,-0.29,-0.31,0.21,34.07
28268178,2113,1,201476,252977,0.87,-2.36,10.09,-0.39,-0.17,0.18,34.07
28308176,2157,1,201520,253261,0.97,-2.67,10.14,-0.13,-0.31,0.16,34.07
28348176,2200,1,201600,253660,1.36,-2.78,10.02,0.09,-0.33,0.12,34.07
28388164,2230,1,201861,254085,1.39,-2.61,10.09,0.23,-0.17,0.12,34.07
28428164,2219,1,202028,254411,1.29,-2.34,10.10,0.39,-0.05,0.06,34.07
28468164,2193,1,202070,253738,0.90,-2.41,9.97,0.42,0.07,0.15,34.07
28508145,2202,1,201618,252868,0.63,-2.03,9.65,0.23,0.34,0.30,34.07
28548142,2207,1,201503,253000,0.91,-1.63,9.33,0.12,0.18,0.28,34.07
28588145,2145,1,201607,253318,1.04,-1.52,9.25,0.04,0.08,0.09,34.07
28628142,2198,1,201839,253345,1.12,-1.75,9.43,-0.06,0.10,-0.03,34.07
28668176,2180,1,201721,253214,0.77,-2.07,9.21,-0.33,-0.03,-0.22,34.07
28708192,2128,1,201949,253551,0.31,-2.23,9.92,-0.21,0.12,-0.05,34.07
28748176,2142,1,202059,253659,0.99,-1.95,9.07,0.08,-0.16,-0.20,34.07
28788176,2112,1,202176,253722,0.62,-1.88,9.16,0.03,0.14,-0.27,34.07
28828163,2158,1,202256,253790,-0.10,-2.21,10.23,0.18,0.22,-0.21,34.07
28868176,2131,1,202208,253977,-0.07,-2.17,10.20,0.19,0.09,-0.25,34.07
28908176,2096,1,202494,254395,-0.55,-2.21,10.66,0.08,0.25,-0.26,34.07
28948862,2071,1,202601,254576,-0.42,-1.87,10.43,0.12,0.00,-0.37,34.03
28987176,2113,1,202683,254798,-0.32,-1.61,10.17,0.27,-0.14,-0.45,34.03
29027192,2134,1,202926,255159,0.30,-1.34,9.50,0.17,-0.15,-0.51,34.03
29067176,2082,1,202969,254884,0.71,-1.35,9.55,-0.10,-0.00,-0.71,34.03
29107192,2080,1,202777,254348,0.67,-1.81,10.00,-0.29,0.15,-0.98,34.03
29147176,2027,1,202537,254513,0.37,-1.95,10.07,-0.22,0.13,-1.08,34.03
29187176,2065,1,202770,254894,0.71,-1.91,9.88,0.04,0.14,-1.04,34.03
29227163,2021,1,202784,254955,0.57,-2.01,10.17,0.10,0.32,-1.09,34.03
29267164,2005,1,202743,254959,-0.14,-2.17,10.28,0.02,0.41,-1.18,34.03
29307176,2011,1,202649,254943,-0.51,-2.06,10.26,0.05,0.42,-1.10,34.03
29347176,2012,1,202600,254935,-0.27,-1.63,9.27,0.02,0.24,-1.20,34.03
29387176,1997,1,202537,254934,-0.35,-1.49,9.14,-0.06,0.22,-1.25,34.03
29427192,1995,1,202576,254727,-0.43,-1.47,9.38,0.07,0.07,-1.12,34.03
29467176,2000,1,202556,254536,-0.12,-1.21,9.00,0.02,0.04,-0.96,34.03
29507176,1977,1,202590,254484,-0.23,-1.44,9.88,-0.18,0.17,-0.90,34.03
29547216,1994,1,202509,254613,-0.14,-1.67,10.05,-0.28,-0.01,-0.94,34.03
29587210,1974,1,202539,254724,-0.01,-1.59,9.90,-0.33,-0.07,-0.91,34.03
29627210,1984,1,202502,254934,0.33,-1.63,9.94,-0.40,-0.10,-0.89,34.03
29667191,1959,1,202369,254265,0.62,-1.44,9.98,-0.35,-0.12,-0.83,34.03
29707194,1974,1,201888,253610,0.88,-1.67,10.05,-0.31,-0.00,-0.80,34.03
29747217,1973,1,201910,253722,0.50,-2.15,10.76,-0.36,0.16,-0.74,34.03
29787176,2013,1,201845,253744,0.55,-2.20,10.30,-0.22,0.22,-0.54,34.03
29827176,2000,1,201620,253391,0.70,-2.17,9.84,-0.16,0.29,-0.40,34.03
29867176,2013,1,201711,253701,0.47,-2.35,10.18,-0.09,0.07,-0.42,34.03
29907176,2026,1,201813,253663,0.52,-2.22,9.71,0.10,-0.05,-0.26,34.03
29947176,2005,1,201643,253594,0.09,-1.88,9.57,0.13,0.20,0.00,34.03
29987830,1981,1,201692,253538,-0.19,-1.82,9.93,0.17,0.20,0.18,34.15
30028164,1981,1,201819,253762,0.25,-1.83,9.73,0.18,-0.17,0.19,34.15
30068164,1972,1,201953,253813,0.65,-1.89,9.57,0.08,-0.34,0.17,34.15
30108163,2015,1,201927,253967,1.02,-2.24,9.63,-0.04,-0.25,0.16,34.15
30148176,2006,1,202115,254152,1.00,-2.56,9.83,-0.12,-0.12,0.11,34.15
30188176,1984,1,202018,254068,1.22,-2.13,9.45,-0.00,-0.04,0.10,34.15
30228176,1998,1,202025,254136,0.83,-1.87,9.57,0.04,0.04,0.13,34.15
30268145,1985,1,202002,253466,0.07,-1.99,10.20,-0.12,0.20,0.24,34.15
30308164,1991,1,201630,252925,0.56,-1.64,9.86,-0.07,-0.07,0.22,34.15
30348176,2005,1,201688,253070,0.32,-2.02,9.67,-0.03,-0.03,0.24,34.15
30388176,1968,1,201852,253190,0.06,-2.09,10.25,0.08,-0.06,0.32,34.15
30428164,2003,1,201945,253400,0.23,-1.75,9.55,0.23,-0.21,0.32,34.15
30468164,2014,1,202081,253669,0.45,-1.50,9.40,0.14,-0.04,0.31,34.15
30508163,2005,1,202200,253824,0.19,-1.59,10.08,-0.01,-0.06,0.18,34.15
30548176,1989,1,202296,254027,0.31,-1.40,10.29,-0.07,-0.27,0.10,34.15
30588176,2007,1,202260,254059,0.61,-1.21,10.05,-0.11,-0.23,0.08,34.15
30628176,2012,1,202156,253857,0.55,-1.27,10.27,-0.17,0.03,0.15,34.15
30668164,1981,1,201988,253746,0.17,-1.35,10.61,-0.08,0.14,0.25,34.15
30708164,1986,1,201994,253840,0.23,-1.33,10.33,-0.01,0.14,0.25,34.15
30748164,1968,1,202037,254030,0.57,-1.06,9.89,-0.05,0.08,0.07,34.15
30788162,1973,1,202056,254085,0.65,-1.09,9.44,-0.05,0.01,-0.10,34.15
30828176,1966,1,202038,253673,-0.16,-0.95,9.81,0.08,0.28,-0.04,34.15
30868176,1965,1,201631,252685,-0.40,-1.15,9.92,0.15,0.36,0.21,34.15
30908164,1972,1,201438,252910,-0.45,-0.75,9.79,0.08,0.36,0.25,34.15
30948163,1939,1,201562,253346,-0.01,-0.90,9.69,0.04,0.26,0.20,34.15
30988850,1916,1,201727,253798,0.36,-0.98,9.77,-0.02,0.12,0.06,34.23
31027164,1925,1,201918,254115,0.41,-1.47,9.79,-0.08,0.08,0.00,34.23
31067164,1920,1,202025,254232,-0.17,-1.85,10.21,-0.15,-0.02,-0.04,34.23
31107211,1933,1,201887,254114,-0.36,-1.65,9.48,-0.17,-0.04,0.05,34.23
31147194,1933,1,201815,254247,-0.70,-1.81,9.95,-0.32,0.37,0.23,34.23
31187176,1904,1,201907,254456,-0.95,-1.82,10.69,-0.27,0.36,0.27,34.23
31227176,1905,1,202055,254768,-0.58,-1.66,10.27,0.05,0.05,0.27,34.23
31267164,1920,1,202212,254884,-0.20,-1.19,9.57,0.15,-0.09,0.41,34.23
31307176,1947,1,202160,254793,-0.21,-1.20,9.32,-0.10,-0.06,0.51,34.23
31347192,1921,1,202081,254517,-0.40,-1.65,9.15,-0.36,-0.09,0.58,34.23
31387210,1906,1,201787,253988,-0.54,-2.00,8.95,-0.64,-0.26,0.43,34.23
31427192,1917,1,201279,252584,-0.99,-2.61,9.66,-0.80,-0.09,0.27,34.23
31467193,1904,1,200558,251606,-1.04,-3.05,10.12,-0.49,-0.08,0.25,34.23
31507192,1920,1,200363,251466,-1.10,-2.77,10.01,0.07,-0.18,0.47,34.23
31547176,1919,1,200379,251721,-1.23,-2.61,10.03,0.22,0.02,0.58,34.23
31587164,1962,1,200517,251911,-1.27,-2.45,9.87,0.14,-0.14,0.65,34.23
31627176,1955,1,200632,252035,-1.31,-2.61,9.93,-0.12,-0.27,0.63,34.23
31667192,1974,1,200614,252052,-1.43,-3.00,10.31,-0.29,-0.24,0.71,34.23
31707194,1996,1,200630,252005,-1.45,-3.15,9.73,-0.23,-0.42,0.71,34.23
31747192,1982,1,200617,252063,-0.94,-2.65,9.00,-0.18,-0.42,0.76,34.23
31787193,2033,1,200607,252276,-0.65,-2.41,8.98,-0.15,-0.29,0.85,34.23
31827192,2070,1,200776,252749,-0.51,-2.71,9.56,-0.03,-0.30,0.80,34.23
31867193,2074,1,201088,253219,-0.18,-3.01,9.97,0.21,-0.41,0.77,34.23
31907176,2074,1,201338,253697,0.23,-3.28,9.64,0.18,-0.42,0.65,34.23
31947164,2085,1,201558,254034,0.06,-3.12,10.23,0.07,-0.37,0.46,34.23
31987164,2062,1,201391,253051,0.48,-2.57,9.90,0.09,-0.56,0.36,34.23
32027849,2032,1,200969,252567,0.89,-2.03,9.39,0.06,-0.54,0.30,34.01
32068163,2063,1,200974,252797,0.60,-1.89,9.41,0.06,-0.20,0.32,34.01
32108164,2090,1,201148,253262,0.29,-1.87,10.01,0.25,-0.09,0.51,34.01
32148164,2054,1,201162,253554,0.84,-1.70,9.53,0.38,-0.48,0.45,34.01
32188165,1990,1,201383,254221,0.75,-1.85,9.64,0.08,-0.08,0.30,34.01
32228162,2033,1,201508,254256,0.61,-1.69,9.96,-0.01,-0.01,0.29,34.01
32268176,2015,1,201366,253966,0.25,-1.63,10.36,0.07,0.17,0.42,34.01
32308142,2000,1,201297,253829,0.07,-1.38,10.15,0.19,0.06,0.46,34.01
32348145,1935,1,201267,253618,0.17,-1.34,10.13,0.18,-0.02,0.41,34.01
32388164,1983,1,201234,253546,0.14,-1.23,10.01,0.17,0.02,0.41,34.01
32428145,1977,1,201231,253662,0.11,-1.00,9.88,0.12,0.08,0.40,34.01
32468142,1965,1,201355,253744,0.22,-0.75,9.77,0.04,0.01,0.27,34.01
32508143,1935,1,201391,253367,0.06,-0.79,9.97,-0.06,-0.01,0.17,34.01
32548176,1967,1,201003,251777,0.13,-0.91,10.10,-0.03,-0.03,0.10,34.01
32588176,1940,1,200436,251063,0.39,-0.69,9.67,-0.05,-0.10,0.04,34.01
32628176,1955,1,200504,251456,0.43,-0.75,9.97,-0.15,0.03,0.06,34.01
32668164,1904,1,200625,251559,0.58,-0.71,10.04,-0.09,-0.10,-0.03,34.01
32708192,1907,1,200609,251525,1.03,-0.73,9.84,-0.01,-0.18,-0.03,34.01
32748193,1947,1,200589,251519,0.87,-1.36,9.90,-0.18,0.08,-0.03,34.01
32788176,1884,1,200666,251509,0.23,-1.57,10.32,-0.11,0.22,0.06,34.01
32828163,1906,1,200626,251241,0.14,-1.26,9.78,0.18,0.10,0.11,34.01
32868142,1882,1,200501,251032,-0.09,-1.04,9.41,0.23,0.04,0.04,34.01
32908164,1891,1,200560,250981,-0.06,-1.09,9.60,0.15,0.08,0.05,34.01
32948161,1917,1,200592,251393,0.15,-1.76,9.91,-0.01,-0.05,-0.08,34.01
32988193,1931,1,200844,252158,0.40,-1.89,10.14,-0.18,-0.14,-0.26,34.01
33028878,1891,1,200961,252434,0.96,-1.62,9.55,-0.18,-0.28,-0.38,34.13
33067194,1947,1,200527,250165,0.90,-1.75,9.50,-0.19,-0.11,-0.34,34.13
33107192,1937,1,199450,246334,0.52,-2.11,9.99,-0.18,0.13,-0.27,34.13
33147176,1905,1,198568,244969,0.22,-2.00,10.14,-0.08,0.08,-0.19,34.13
33187176,1917,1,198497,245295,0.14,-1.84,9.94,-0.16,-0.04,-0.14,34.13
33227203,1918,1,198794,246599,0.34,-1.97,9.91,-0.32,-0.11,-0.11,34.13
33267192,1891,1,199256,247941,0.57,-2.13,9.78,-0.35,-0.14,-0.07,34.13
33307193,1943,1,199757,248688,0.62,-2.32,9.90,-0.28,-0.06,0.00,34.13
33347176,1936,1,199895,248726,0.70,-2.34,9.74,-0.17,-0.11,0.05,34.13
33387176,1927,1,199989,248980,0.69,-2.03,9.53,-0.07,-0.10,0.21,34.13
33427176,1939,1,200099,249198,0.93,-1.69,9.25,-0.03,-0.09,0.39,34.13
33467176,1929,1,200160,249368,0.87,-1.81,9.49,-0.15,-0.04,0.51,34.13
33507176,1936,1,200233,249696,0.75,-2.06,9.96,-0.32,-0.09,0.55,34.13
33547176,1943,1,200305,249874,0.78,-2.39,10.10,-0.37,-0.04,0.55,34.13
33587176,1922,1,200235,248805,0.56,-2.94,10.34,-0.37,0.11,0.51,34.13
33627164,1924,1,199472,245336,0.47,-3.01,10.53,-0.18,0.09,0.49,34.13
33668164,1930,1,198580,243980,0.72,-3.32,10.13,0.03,-0.04,0.36,34.13
33708163,1897,1,198408,244242,0.22,-3.38,10.10,0.02,0.03,0.20,34.13
33748142,1883,1,198456,244717,0.64,-2.86,9.34,0.15,-0.04,0.08,34.13
33788164,1919,1,198621,245915,0.68,-2.37,8.87,0.21,-0.01,-0.00,34.13
33828176,1882,1,198760,246527,0.54,-1.79,8.87,0.22,0.08,0.06,34.13
33868145,1872,1,198643,246078,0.07,-1.91,9.57,0.06,0.29,0.24,34.13
33908142,1810,1,198298,245694,-0.66,-2.09,10.31,-0.01,0.32,0.28,34.13
33948197,1795,1,198328,245768,-0.87,-2.20,10.54,0.11,0.01,0.25,34.13
33988164,1789,1,198400,246387,-0.66,-2.17,10.21,0.14,-0.30,0.14,34.13
34028176,1760,1,198722,247520,-0.36,-2.36,10.00,0.08,-0.34,0.08,34.13
34068862,1712,1,199113,248510,-0.14,-2.36,9.61,0.05,-0.37,0.03,34.09
34107176,1687,1,199359,249170,0.36,-2.02,9.22,-0.04,-0.24,-0.14,34.09
34147191,1678,1,199448,248463,0.47,-2.06,9.36,-0.08,0.04,-0.30,34.09
34187176,1680,1,198902,245690,0.66,-2.33,9.59,0.02,0.15,-0.53,34.09
34227164,1690,1,198377,245419,0.72,-2.12,9.33,0.08,0.24,-0.74,34.09
34267164,1717,1,198661,246210,0.78,-1.82,9.32,0.08,0.19,-0.91,34.09
34307164,1770,1,199020,247309,0.50,-1.73,9.37,0.09,0.23,-0.94,34.09
34347164,1802,1,199449,248367,0.24,-1.72,9.92,0.15,0.26,-0.88,34.09
34387163,1873,1,199769,249024,0.15,-1.98,9.79,0.01,0.26,-1.00,34.09
34427164,1899,1,199985,249363,-0.21,-2.28,10.30,-0.18,0.29,-1.21,34.09
34467192,1930,1,200035,249650,-0.30,-2.70,10.20,-0.20,0.29,-1.35,34.09
34507193,1988,1,200216,250165,-0.54,-2.61,9.78,0.00,0.55,-1.27,34.09
34547176,2015,1,200492,250365,-0.39,-2.18,9.33,0.36,0.52,-1.16,34.09
34587176,2047,1,200644,250398,-0.31,-1.93,9.01,0.38,0.37,-1.16,34.09
34627176,2030,1,200792,250359,-0.19,-1.90,9.37,0.21,0.31,-1.13,34.09
34668218,2040,1,200765,249977,0.06,-2.36,9.80,-0.02,0.25,-1.13,34.09
34708176,2047,1,200445,247730,-0.17,-2.58,10.35,-0.23,0.29,-1.03,34.09
34748193,2023,1,199458,244501,0.05,-2.39,10.09,-0.08,0.26,-0.90,34.09
34788176,2045,1,198871,243852,-0.02,-2.38,10.06,-0.06,0.21,-0.95,34.09
34828193,2028,1,199000,244780,-0.50,-2.31,10.19,-0.10,0.18,-0.97,34.09
34868215,2000,1,199491,246268,-0.36,-2.22,9.92,-0.05,0.09,-1.01,34.09
34908193,1986,1,200082,247720,-0.45,-2.16,9.92,-0.01,0.15,-0.93,34.09
34948192,1977,1,200818,248990,-0.40,-2.12,9.79,0.06,0.31,-0.67,34.09
34988176,1968,1,201599,250136,-0.70,-2.02,9.84,-0.04,0.48,-0.57,34.09
35028192,1936,1,202152,250806,-1.32,-2.12,10.38,-0.15,0.25,-0.55,34.09
35068896,1905,1,202242,251006,-1.23,-1.88,9.94,-0.06,-0.21,-0.50,34.21
35107211,1911,1,202195,251185,-0.87,-1.83,9.25,-0.07,-0.21,-0.42,34.21
35147210,1883,1,202028,251290,-1.03,-1.99,9.84,-0.12,-0.24,-0.40,34.21
35187211,1872,1,201867,251460,-0.67,-2.04,9.44,-0.05,-0.39,-0.33,34.21
35227208,1863,1,201654,251249,-0.41,-2.11,9.50,-0.03,-0.29,-0.18,34.21
35267205,1811,1,201050,248488,-0.14,-1.83,9.46,0.00,-0.19,-0.03,34.21
35307189,1814,1,199652,244700,0.30,-1.78,9.13,0.06,-0.03,0.17,34.21
35347158,1815,1,199558,245048,0.47,-1.82,8.86,-0.10,0.17,0.40,34.21
35387159,1809,1,201010,262143,0.34,-2.20,8.99,-0.27,0.76,0.62,34.21
35427158,1798,1,201831,248117,-1.47,-2.53,11.01,-0.45,0.36,0.37,34.21
35447176,1799,1,201898,248418,-2.08,-2.59,11.35,-0.37,-0.16,0.19,34.21
35487237,1829,1,201949,249461,-1.62,-2.21,10.69,-0.15,-0.52,0.19,34.21
35527192,1803,1,201700,249770,-0.72,-1.73,9.69,-0.02,-0.66,0.12,34.21
35567191,1851,1,201270,250003,0.14,-1.63,9.34,0.03,-0.62,-0.01,34.21
35607176,1819,1,201060,250270,0.43,-1.92,9.51,0.04,-0.20,0.12,34.21
35647159,1835,1,201094,250450,-0.18,-2.03,10.69,0.06,0.15,0.25,34.21
35687191,1840,1,201267,250808,-0.48,-1.94,10.74,0.16,0.10,0.31,34.21
35727162,1879,1,201345,250985,0.05,-1.41,10.02,0.08,-0.20,0.16,34.21
35767160,1884,1,201293,251270,0.52,-1.45,9.69,-0.06,-0.19,-0.01,34.21
35807189,1925,1,201240,251447,0.59,-1.68,10.05,-0.10,-0.04,-0.19,34.21
35847188,1936,1,200944,250168,0.29,-1.86,10.25,0.15,0.17,-0.24,34.21
35887158,1963,1,200559,248929,0.19,-1.42,9.69,0.43,0.24,-0.10,34.21
35927159,1936,1,200540,249274,-0.18,-1.14,9.56,0.36,0.40,0.06,34.21
35967158,1962,1,200830,249436,-0.26,-1.13,9.48,0.20,0.15,0.06,34.21
36007159,1983,1,200853,249440,-0.20,-1.30,9.51,-0.04,-0.11,-0.00,34.21
36047205,1982,1,200917,250191,-0.27,-1.53,9.66,-0.25,-0.16,-0.01,34.21
36087892,1958,1,201217,250892,-0.41,-1.70,10.05,-0.33,-0.14,0.05,34.29
36128183,1989,1,201308,251359,-0.13,-1.69,9.84,-0.29,-0.18,0.09,34.29
36168189,1973,1,201459,252025,0.01,-1.71,9.97,-0.19,-0.03,-0.00,34.29
36208182,2000,1,201628,252445,0.07,-1.47,10.11,0.03,-0.00,-0.05,34.29
36247176,1975,1,201585,252492,0.05,-1.37,9.85,0.09,0.02,0.03,34.29
36288136,2000,1,201586,252418,-0.59,-1.53,10.23,0.04,0.04,0.11,34.29
36328164,2000,1,201592,252540,-0.61,-2.04,9.73,-0.13,-0.21,0.25,34.29
36368192,2011,1,201613,252566,-0.69,-1.93,9.66,-0.27,-0.26,0.23,34.29
36408193,1955,1,201513,252301,-0.62,-1.78,9.58,-0.20,-0.34,0.26,34.29
36448192,1968,1,201121,250856,-0.72,-1.75,9.63,-0.03,-0.17,0.46,34.29
36488194,1936,1,200254,247582,-0.88,-2.34,10.09,0.08,0.27,0.79,34.29
36528164,2004,1,199854,247272,-0.99,-2.56,10.56,0.07,0.26,0.94,34.29
36568164,2018,1,200198,248462,-1.10,-2.84,10.33,-0.01,0.05,0.89,34.29
36608176,2029,1,200891,249851,-0.84,-2.73,9.78,0.05,-0.05,0.90,34.29
36648176,1984,1,201296,250437,-0.42,-2.44,9.26,0.13,-0.23,0.92,34.29
36688176,1985,1,201399,250618,-0.28,-2.43,9.18,0.07,-0.29,0.97,34.29
36728176,2001,1,201357,250499,-0.22,-2.46,9.31,-0.05,-0.31,1.00,34.29
36768192,2005,1,201239,250326,-0.17,-2.46,9.33,-0.18,-0.32,0.98,34.29
36808194,1975,1,201032,249914,0.01,-2.16,9.63,-0.31,-0.28,0.97,34.29
36848176,1954,1,200883,250129,-0.15,-2.58,9.94,-0.34,-0.09,1.00,34.29
36888194,1967,1,201246,250943,-0.18,-2.55,9.98,-0.29,-0.03,0.89,34.29
36928192,1984,1,201701,251551,0.17,-2.09,9.76,-0.20,-0.19,0.72,34.29
36968176,1984,1,201805,251537,0.23,-1.81,9.88,-0.17,-0.26,0.69,34.29
37008176,1944,1,201664,251488,-0.01,-1.91,10.08,-0.13,-0.20,0.81,34.29
37048193,1958,1,201798,250810,-0.08,-2.16,10.22,-0.03,-0.07,0.87,34.29
37088878,1958,1,200779,246161,0.20,-2.23,10.18,0.09,-0.17,0.62,34.09
37127182,1971,1,199563,244641,0.23,-2.29,10.25,0.21,-0.18,0.46,34.09
37167164,1936,1,199482,244955,0.20,-1.89,10.15,0.28,-0.20,0.40,34.09
37207164,1983,1,199810,245684,-0.03,-1.19,9.93,0.22,0.01,0.53,34.09
37247163,1975,1,200439,246457,-0.22,-1.09,10.02,0.12,0.07,0.63,34.09
37287164,1977,1,200844,246979,-0.14,-0.92,9.92,-0.03,-0.13,0.54,34.09
37327229,1947,1,201505,248814,-0.07,-1.07,9.84,-0.09,0.00,0.48,34.09
37367176,1951,1,202153,250278,0.01,-1.07,9.59,-0.08,0.02,0.18,34.09
37407162,1962,1,202480,251070,-0.69,-1.17,10.13,0.10,0.27,0.20,34.09
37447165,1968,1,202527,251502,-0.73,-1.27,10.03,0.19,0.20,0.20,34.09
37487164,1918,1,202544,251471,-0.51,-1.10,9.65,0.16,-0.00,0.12,34.09
37527206,1954,1,202526,250689,-0.05,-0.86,9.14,0.00,-0.31,-0.09,34.09
37567192,1886,1,202286,249902,-0.40,-0.85,9.75,-0.19,-0.30,-0.09,34.09
37607210,1975,1,201993,249958,0.09,-1.33,9.82,-0.26,-0.54,-0.11,34.09
37647192,1922,1,201771,249312,0.30,-1.58,9.75,-0.29,-0.48,-0.09,34.09
37687193,1958,1,200613,245598,0.19,-1.90,10.13,-0.20,-0.16,0.01,34.09
37727176,1987,1,199620,244357,0.26,-1.67,9.76,-0.12,0.12,0.10,34.09
37768164,1995,1,199628,244835,-0.03,-1.66,9.98,-0.03,0.19,0.05,34.09
37808176,2013,1,199778,245719,0.05,-1.75,9.73,0.04,0.08,-0.08,34.09
37848164,1981,1,200007,246316,0.16,-1.80,9.54,-0.01,0.08,-0.19,34.09
37888176,2000,1,199961,246616,0.16,-2.27,10.02,-0.05,-0.20,-0.35,34.09
37928194,2032,1,199705,247143,0.43,-1.95,9.29,0.11,-0.32,-0.39,34.09
37968176,1998,1,199938,248976,0.80,-2.04,9.33,0.19,0.09,-0.36,34.09
38008164,2043,1,200764,250859,0.40,-1.78,9.64,0.21,0.52,-0.28,34.09
38048164,2014,1,201571,252280,0.20,-1.59,10.10,0.27,0.64,-0.25,34.09
38088164,2018,1,202018,252709,0.17,-1.30,9.87,0.23,0.48,-0.25,34.09
38128850,2099,1,202184,253041,-0.31,-1.38,10.17,-0.02,0.35,-0.18,34.13
38167194,2064,1,202283,253168,-0.30,-1.53,10.34,-0.26,-0.04,-0.26,34.13
38207211,2017,1,202008,253359,-0.11,-1.70,10.02,-0.54,-0.46,-0.38,34.13
38247210,2059,1,202015,253918,-0.00,-1.69,9.80,-0.45,-0.58,-0.29,34.13
38287210,2055,1,201897,253470,1.02,-1.42,8.99,-0.39,-0.58,-0.21,34.13
38327194,2017,1,201238,251998,0.75,-1.91,9.62,-0.62,-0.06,-0.06,34.13
38367192,2001,1,201070,252188,0.32,-2.37,10.38,-0.51,0.18,0.16,34.13
38407163,1968,1,201386,252770,0.68,-2.13,9.79,-0.42,-0.03,0.19,34.13
38447176,2013,1,201687,253263,0.76,-2.13,9.34,-0.53,-0.08,0.19,34.13
38487176,1991,1,201879,253419,0.89,-2.22,9.34,-0.61,-0.12,0.19,34.13
38527176,1973,1,201812,253554,0.70,-2.92,10.00,-0.63,-0.14,0.18,34.13
38567176,2015,1,201815,253542,0.80,-3.63,10.20,-0.44,-0.06,0.25,34.13
38607176,2021,1,201780,253499,0.73,-4.35,10.25,-0.10,0.24,0.46,34.13
38647163,2031,1,201952,253575,0.43,-4.56,10.10,-0.04,0.39,0.39,34.13
38687165,1958,1,202217,253820,0.26,-3.95,9.54,0.10,0.34,0.06,34.13
38727146,1957,1,202645,254517,-0.05,-3.59,9.49,0.40,0.27,-0.37,34.13
38767180,1978,1,203097,255167,-0.22,-3.22,9.35,0.68,-0.16,-0.75,34.13
38807194,1987,1,203353,255417,0.03,-2.71,9.10,0.71,0.13,-0.53,34.13
38847163,1919,1,203569,255542,-0.35,-2.97,9.74,0.37,0.88,-0.19,34.13
38887176,2001,1,203698,255046,-1.44,-3.52,10.52,0.24,0.94,-0.18,34.13
38927176,1953,1,203225,253806,-1.74,-3.06,10.39,0.42,0.21,-0.30,34.13
38967176,1959,1,203000,253412,-1.04,-2.12,8.96,0.54,-0.25,-0.29,34.13
39007192,1952,1,202878,253121,-0.83,-1.85,9.08,0.27,0.00,-0.27,34.13
39047176,1970,1,202886,253189,-0.80,-2.17,9.59,-0.02,0.06,-0.37,34.13
39087192,1901,1,202912,253589,-0.82,-2.46,9.80,-0.18,-0.05,-0.54,34.13
39127210,1928,1,202911,253493,-0.62,-2.25,9.62,-0.18,-0.16,-0.71,34.13
39167897,1969,1,202694,253396,-0.47,-2.32,9.63,-0.03,-0.12,-0.80,34.15
39208210,1983,1,202571,253096,-0.44,-2.30,9.85,0.06,-0.05,-0.86,34.15
39248192,1996,1,202352,252869,-0.75,-2.61,10.17,0.05,0.09,-0.92,34.15
39288176,1953,1,202321,252860,-1.10,-2.56,10.35,0.07,0.05,-1.00,34.15
39328176,1953,1,202366,253164,-0.87,-2.21,9.50,0.15,0.05,-0.99,34.15
39368176,1968,1,202554,253314,-0.61,-1.87,8.95,0.07,0.11,-1.04,34.15
39408176,1925,1,202475,253185,-0.38,-1.75,8.82,0.06,0.18,-0.98,34.15
39448176,1984,1,202595,253179,-0.71,-2.23,9.39,-0.04,0.36,-0.81,34.15
39488192,1979,1,202423,251407,-1.05,-2.37,9.69,-0.07,0.32,-0.70,34.15
39528193,1943,1,201061,247829,-0.82,-2.09,9.33,-0.01,0.10,-0.70,34.15
39568192,1984,1,200477,247421,-0.41,-2.09,9.19,-0.10,0.06,-0.70,34.15
39608193,1973,1,200563,248113,-0.31,-2.26,9.35,-0.19,0.17,-0.63,34.15
39648192,1957,1,200773,248767,-0.26,-2.36,9.50,-0.16,0.17,-0.58,34.15
39688194,1941,1,201150,249834,-0.42,-2.33,9.81,-0.12,0.17,-0.57,34.15
39728192,1924,1,201429,250378,-0.26,-2.16,9.82,-0.09,0.09,-0.62,34.15
39768193,1967,1,201645,250896,-0.36,-2.35,10.27,-0.18,0.18,-0.58,34.15
39808192,1962,1,201959,251435,-0.37,-2.77,10.73,-0.32,0.19,-0.66,34.15
39848194,1935,1,202184,252102,-0.47,-3.06,11.09,-0.32,0.08,-0.71,34.15
39888192,1953,1,202323,252566,-0.10,-2.84,10.21,-0.14,-0.01,-0.64,34.15
39928210,1993,1,202475,252693,0.19,-2.56,9.72,0.06,0.07,-0.43,34.15
39968164,1947,1,202519,252656,0.23,-2.31,9.35,0.16,0.08,-0.26,34.15
40008163,1984,1,202563,252784,-0.06,-2.45,9.44,0.14,0.16,-0.14,34.15
40048176,1936,1,202657,252873,-0.30,-2.48,9.76,0.18,0.13,-0.08,34.15
40088176,1959,1,202550,251591,-0.43,-2.22,9.61,0.23,0.16,0.01,34.15
40128164,1939,1,201580,248957,-0.69,-1.98,9.76,0.25,0.21,0.11,34.15
40168850,1929,1,201193,249044,-0.83,-1.77,9.95,0.31,0.19,0.23,34.21
40207164,1904,1,201574,250212,-0.64,-1.72,9.66,0.26,0.16,0.34,34.21
40247164,1899,1,202157,251195,-0.65,-1.85,9.84,0.13,0.17,0.40,34.21
40287165,1870,1,202605,251926,-0.53,-2.02,9.64,0.04,-0.01,0.40,34.21
40327176,1867,1,202889,252422,-0.60,-2.40,9.92,-0.11,-0.18,0.41,34.21
40367192,1809,1,202852,252824,-0.68,-2.30,9.92,-0.24,-0.38,0.34,34.21
40407193,1839,1,202826,253304,-0.22,-2.28,9.37,-0.25,-0.42,0.42,34.21
40447191,1828,1,202664,253659,-0.15,-2.26,8.79,-0.43,-0.20,0.36,34.21
40487193,1802,1,202699,254214,-0.54,-1.91,9.80,-0.57,0.16,0.41,34.21
40527176,1844,1,203121,255134,-0.51,-2.04,9.76,-0.34,-0.08,0.11,34.21
40567193,1851,1,203578,255967,-1.08,-1.75,10.22,0.22,-0.74,-0.06,34.21
40607236,1904,1,203544,255651,-0.89,-1.46,9.56,0.37,-0.63,0.27,34.21
40647176,1863,1,203092,255391,-1.23,-1.71,10.10,0.00,0.08,0.72,34.21
40687164,1940,1,203184,255341,-1.78,-1.86,10.54,-0.38,0.27,0.96,34.21
40727176,1915,1,202794,253833,-1.15,-1.58,9.79,-0.49,-0.07,0.77,34.21
40767192,1977,1,202290,253231,-0.91,-1.41,9.50,-0.39,-0.00,0.80,34.21
40807232,1940,1,202325,253321,-0.87,-1.66,10.00,-0.26,0.15,0.76,34.21
40847176,1991,1,202333,253244,-0.54,-2.02,9.96,-0.13,-0.07,0.41,34.21
40887193,2009,1,202181,253013,-0.17,-1.94,9.53,0.06,-0.24,0.14,34.21
40927176,1997,1,202145,253093,0.11,-1.64,9.18,0.08,-0.04,0.04,34.21
40967164,2018,1,202069,253382,-0.83,-1.63,9.66,0.04,0.39,0.10,34.21
41007164,1963,1,202325,253622,-1.17,-1.90,9.95,0.15,0.26,0.11,34.21
41047163,1985,1,202393,253699,-1.19,-2.04,9.51,0.02,0.10,0.01,34.21
41087163,1979,1,202513,253929,-1.41,-2.83,10.01,-0.25,0.09,-0.06,34.21
41127193,1968,1,202715,254290,-1.38,-3.27,10.36,-0.44,-0.13,-0.06,34.21
41167210,1959,1,202932,254428,-0.89,-2.68,9.27,-0.31,-0.32,0.16,34.21
41207879,1983,1,202780,254120,-0.54,-2.55,8.96,-0.16,-0.24,0.32,34.21
41246192,2010,1,202670,253961,-0.61,-2.64,9.25,-0.15,-0.12,0.38,34.21
41286194,2069,1,202563,253491,-0.69,-2.80,9.46,-0.17,-0.07,0.39,34.21
41326192,2063,1,202036,250754,-0.97,-3.05,9.94,-0.11,-0.03,0.26,34.21
41366194,2047,1,200521,246436,-0.99,-3.19,9.90,0.02,0.03,0.18,34.21
41406163,1993,1,200038,246238,-1.66,-3.65,10.82,0.09,0.33,0.36,34.21
41446164,2006,1,200570,247479,-1.65,-3.48,10.30,0.07,0.14,0.47,34.21
41486164,2033,1,201220,249173,-1.20,-3.07,9.50,-0.08,-0.07,0.41,34.21
41526193,2053,1,201700,250465,-0.97,-2.74,8.93,-0.13,-0.24,0.36,34.21
41566192,2069,1,201935,250885,-0.64,-2.71,8.74,-0.09,-0.31,0.39,34.21
41606194,2046,1,201711,250607,-0.69,-3.10,9.07,-0.10,-0.39,0.41,34.21
41646192,2025,1,201622,250770,-0.86,-3.68,9.56,-0.05,-0.32,0.46,34.21
41686194,2064,1,201645,251114,-0.64,-3.63,9.73,0.01,-0.24,0.46,34.21
41726176,2064,1,201713,251495,-0.64,-3.64,9.76,0.04,-0.18,0.46,34.21
41766176,2071,1,201848,252104,-0.58,-3.03,9.33,0.06,-0.22,0.49,34.21
41806176,2022,1,202097,252403,-0.19,-2.19,8.51,-0.00,-0.18,0.45,34.21
41846194,2053,1,201994,252365,-0.30,-1.89,8.92,-0.14,-0.14,0.34,34.21
41886192,2047,1,201866,252279,-0.53,-1.94,9.34,-0.13,-0.06,0.35,34.21
41926193,2053,1,201679,251242,-0.74,-2.04,9.96,-0.10,0.23,0.45,34.21
41966176,2030,1,201159,249464,-1.07,-2.13,10.70,-0.06,0.19,0.41,34.21
42006176,2006,1,200706,249134,-1.13,-1.91,10.61,-0.04,-0.00,0.27,34.21
42046191,1991,1,200847,250004,-1.16,-1.87,10.47,-0.02,-0.03,0.24,34.21
42086194,2001,1,201206,250927,-1.26,-1.99,10.41,-0.03,0.03,0.27,34.21
42126176,1995,1,201632,251897,-1.31,-2.18,10.13,0.03,-0.07,0.25,34.21
42166176,1968,1,201830,252250,-1.00,-2.16,9.58,-0.01,-0.21,0.13,34.21
42206192,1998,1,201823,252232,-0.95,-2.34,9.62,-0.03,-0.15,0.07,34.21
42246890,1989,1,201810,252277,-0.87,-2.40,9.88,0.11,-0.12,0.10,34.09
42287176,1961,1,201778,252363,-0.52,-2.01,9.27,0.10,-0.13,0.04,34.09
42327176,1980,1,201803,252495,-0.87,-1.87,9.74,0.03,0.03,0.08,34.09
42367163,1954,1,201763,252556,-1.07,-2.00,9.95,-0.04,0.05,0.14,34.09
42407176,1935,1,201813,252825,-1.43,-2.14,10.20,-0.06,0.13,0.23,34.09
42447215,1983,1,202060,253402,-1.44,-1.97,9.76,0.02,0.05,0.24,34.09
42487164,1943,1,202172,253221,-1.13,-1.49,9.16,0.06,-0.11,0.12,34.09
42527176,1936,1,201552,250853,-1.31,-1.58,9.65,0.08,-0.10,0.16,34.09
42567176,1958,1,200475,248195,-1.30,-1.80,9.85,0.05,-0.09,0.25,34.09
42607176,1968,1,200181,248636,-1.06,-2.35,9.74,-0.09,-0.01,0.20,34.09
42647212,1943,1,200713,249783,-0.71,-2.20,9.53,-0.12,-0.11,-0.03,34.09
42687210,1934,1,200932,250131,-0.33,-1.85,9.50,-0.06,-0.25,-0.25,34.09
42727210,1906,1,200949,250508,-0.46,-1.27,9.68,0.07,-0.29,-0.23,34.09
42767192,1931,1,200967,250628,-0.53,-1.05,9.68,0.05,-0.01,-0.06,34.09
42807192,1914,1,201068,250533,-0.92,-1.26,10.26,-0.03,0.13,0.01,34.09
42847176,1915,1,201058,250434,-1.12,-1.30,10.26,0.03,-0.04,-0.01,34.09
42887193,1926,1,201051,250531,-1.12,-1.44,10.07,-0.02,-0.07,-0.16,34.09
42927210,1961,1,201324,251388,-1.36,-2.01,10.12,-0.01,0.05,-0.19,34.09
42967194,1949,1,201859,252199,-1.48,-1.93,10.12,0.12,0.12,-0.09,34.09
43007176,1941,1,202176,252568,-1.01,-1.79,9.49,0.18,0.00,-0.01,34.09
43047176,1968,1,202287,252869,-0.91,-1.81,9.21,0.08,-0.04,0.00,34.09
43087176,1936,1,202356,252443,-0.50,-1.90,8.98,0.02,-0.15,-0.10,34.09
43127192,1978,1,201760,250266,-0.20,-2.04,9.24,-0.08,-0.10,-0.14,34.09
43167210,1963,1,200882,248729,-0.03,-2.23,9.35,-0.16,-0.08,-0.23,34.09
43207210,1982,1,200698,249272,0.17,-2.39,9.75,-0.24,-0.13,-0.33,34.09
43247878,1964,1,200924,250308,0.02,-2.73,9.99,-0.31,-0.04,-0.33,34.15
43286193,1991,1,201409,251334,-0.13,-2.95,10.30,-0.31,0.08,-0.27,34.15
43326192,2000,1,201749,252033,-0.06,-2.88,10.14,-0.19,0.01,-0.25,34.15
43366193,1926,1,202010,252532,-0.05,-2.65,9.89,-0.11,0.04,-0.18,34.15
43406192,1974,1,202159,252792,-0.10,-2.47,9.69,-0.09,0.08,-0.13,34.15
43446193,1969,1,202589,253248,-0.40,-2.28,9.81,-0.06,0.12,-0.03,34.15
43486192,1930,1,202905,253262,-0.23,-1.91,9.38,-0.03,-0.06,0.05,34.15
43526193,1995,1,202895,253430,0.10,-2.26,9.13,-0.10,-0.13,0.05,34.15
43566176,1946,1,203275,254261,-0.15,-2.56,9.90,-0.22,-0.01,0.06,34.15
43606194,1977,1,203550,254648,0.28,-2.43,9.28,-0.17,-0.26,-0.11,34.15
43646192,1988,1,203573,254746,-0.18,-2.32,9.57,-0.03,0.06,-0.03,34.15
43686194,1985,1,203565,253833,-0.72,-2.36,10.40,0.28,0.41,0.30,34.15
43726164,2013,1,203416,253556,-0.62,-1.85,9.97,0.39,0.39,0.46,34.15
43766164,1998,1,203725,253822,-0.76,-2.20,10.36,0.10,0.45,0.49,34.15
43806164,1953,1,203997,254020,-1.12,-3.10,10.98,-0.21,0.19,0.35,34.15
43846176,1980,1,203730,254072,-0.69,-2.88,10.22,-0.22,-0.36,0.07,34.15
43886198,1935,1,203269,254018,0.17,-2.33,8.84,-0.10,-0.55,-0.15,34.15
43926194,1957,1,202766,253641,0.27,-2.17,8.29,-0.12,-0.11,-0.16,34.15
43966192,1961,1,202272,253243,-0.74,-2.45,8.92,-0.13,0.58,-0.07,34.15
44006194,1951,1,202359,253572,-2.20,-2.97,10.69,0.11,0.80,0.08,34.15
44046165,1931,1,202526,253835,-2.02,-3.00,10.19,0.32,0.07,-0.07,34.15
44086194,1936,1,202748,254131,-1.54,-2.66,9.44,0.21,-0.19,-0.19,34.15
44126192,1953,1,202768,253637,-0.89,-1.74,8.97,-0.00,-0.39,-0.25,34.15
44166210,1974,1,202530,253163,-1.08,-2.02,9.45,-0.12,-0.18,-0.20,34.15
44206209,1951,1,202406,252833,-1.24,-2.38,9.80,-0.27,0.01,-0.19,34.15
44246191,1942,1,202113,251039,-1.34,-2.59,10.01,-0.26,0.12,-0.36,34.15
44286901,1962,1,201200,248607,-1.17,-2.39,9.87,-0.06,0.06,-0.55,34.13
44327193,1927,1,200746,248140,-0.85,-2.22,9.58,0.15,0.10,-0.71,34.13
44367176,1939,1,200777,248448,-1.14,-2.39,9.95,0.24,0.10,-0.73,34.13
44407176,1939,1,201047,249450,-1.13,-2.56,10.08,0.19,-0.00,-0.72,34.13
44447192,1930,1,201432,250625,-1.03,-2.56,9.89,-0.05,-0.05,-0.80,34.13
44487210,1920,1,201665,251018,-0.89,-2.49,9.71,-0.17,-0.01,-0.87,34.13
44527211,1913,1,201653,251113,-0.83,-2.57,9.38,-0.17,0.13,-0.93,34.13
44567194,1917,1,201728,251379,-0.81,-2.47,9.07,-0.03,0.31,-0.85,34.13
44607192,1899,1,201844,251624,-0.67,-2.21,8.58,0.14,0.35,-0.72,34.13
44647176,1924,1,201991,251761,-0.82,-2.18,8.94,0.14,0.47,-0.56,34.13
44687176,1908,1,202113,251692,-0.86,-2.43,9.39,0.02,0.33,-0.44,34.13
44727176,1914,1,201971,251456,-1.04,-3.08,10.06,-0.28,0.07,-0.53,34.13
44767192,1925,1,201682,251934,-0.90,-3.33,10.21,-0.49,-0.24,-0.69,34.13
44807210,1919,1,201298,250183,-0.42,-3.50,9.67,-0.31,-0.30,-0.63,34.13
44847211,1902,1,199742,246803,-0.11,-3.42,9.43,-0.19,-0.05,-0.53,34.13
44887210,1937,1,199139,246548,-0.32,-3.47,9.41,-0.08,0.23,-0.50,34.13
44927192,1945,1,199519,247621,-0.54,-3.32,9.74,0.03,0.28,-0.53,34.13
44967176,1942,1,200038,248819,-0.56,-3.12,9.63,0.08,0.28,-0.53,34.13
45007196,1920,1,200716,250097,-0.76,-3.08,9.88,0.02,0.28,-0.47,34.13
45047176,1931,1,201139,250775,-0.81,-3.02,10.00,0.07,0.10,-0.27,34.13
45087176,1958,1,201372,251199,-0.70,-2.80,9.61,0.02,0.04,-0.03,34.13
45127176,1919,1,201501,251492,-0.81,-2.62,9.51,-0.07,0.04,0.16,34.13
45167176,1972,1,201559,251586,-0.92,-2.53,9.41,-0.07,0.01,0.25,34.13
45207176,2013,1,201597,251739,-1.05,-2.66,9.52,0.01,-0.06,0.31,34.13
45247176,1990,1,201700,252069,-1.02,-2.71,9.44,0.07,-0.11,0.41,34.13
45287862,1971,1,201788,252403,-0.95,-2.98,9.43,0.00,-0.16,0.54,34.17
45326176,2010,1,201968,252745,-0.89,-3.34,9.61,-0.06,-0.25,0.64,34.17
45366193,2043,1,201829,251888,-0.56,-3.47,9.23,-0.16,-0.40,0.67,34.17
45406198,2028,1,201010,249102,-0.26,-3.60,9.17,-0.24,-0.37,0.72,34.17
45446193,2043,1,199872,247387,-0.49,-3.53,9.22,-0.31,-0.32,0.77,34.17
45486192,1983,1,199694,247584,-0.46,-3.03,8.88,-0.15,-0.36,0.89,34.17
45526193,2032,1,199851,248535,-0.31,-2.47,8.71,-0.12,-0.35,0.85,34.17
45566192,1997,1,200039,249438,-0.76,-2.28,9.32,-0.12,-0.21,0.80,34.17
45606203,2000,1,200174,249362,-1.29,-2.66,10.10,-0.07,-0.11,0.80,34.17
45646192,2000,1,200135,248938,-1.74,-3.34,11.00,-0.04,0.09,0.93,34.17
45686176,2043,1,200147,248996,-2.26,-3.01,11.13,0.05,0.11,0.92,34.17
45726187,2007,1,200579,250031,-2.29,-2.81,10.64,0.04,0.06,0.77,34.17
45766164,1974,1,201350,251272,-2.10,-2.32,9.92,0.22,0.00,0.70,34.17
45806163,1936,1,201685,251659,-1.38,-1.69,8.95,0.35,-0.13,0.55,34.17
45846176,2028,1,201762,252232,-1.10,-1.60,8.88,0.33,-0.01,0.46,34.17
45886176,1959,1,201882,252564,-0.75,-1.57,9.14,0.30,-0.08,0.38,34.17
45926212,1942,1,201668,251546,-0.57,-1.75,9.44,0.19,-0.04,0.30,34.17
45966176,1958,1,200923,249968,-1.02,-2.03,10.11,-0.10,-0.05,0.12,34.17
46006193,1968,1,200525,250564,-0.82,-2.29,9.99,-0.22,-0.33,-0.14,34.17
46046211,1968,1,200800,251422,-0.47,-2.05,9.33,-0.10,-0.34,-0.27,34.17
46086210,1947,1,201118,252049,-0.50,-2.08,9.14,-0.02,-0.09,-0.23,34.17
46126210,1939,1,201410,252651,-0.69,-2.02,9.01,-0.04,0.17,-0.16,34.17
46166193,1915,1,201688,253057,-0.95,-2.03,8.99,-0.12,0.20,-0.20,34.17
46206192,1917,1,201915,253012,-1.28,-2.26,9.25,-0.28,0.23,-0.29,34.17
46246194,1968,1,202024,253145,-1.53,-2.40,9.50,-0.22,0.25,-0.28,34.17
46286192,1860,1,202213,253090,-1.24,-2.05,9.22,-0.15,0.01,-0.28,34.17
46326879,1919,1,202292,253321,-1.02,-2.21,9.46,-0.18,0.08,-0.25,34.13
46367192,1911,1,202310,253251,-0.88,-2.33,9.80,-0.26,0.07,-0.29,34.13
46407191,1933,1,202297,253168,-0.97,-2.91,10.61,-0.40,0.15,-0.31,34.13
46447192,1920,1,202302,253090,-1.22,-3.06,10.84,-0.35,0.11,-0.23,34.13
46487194,1930,1,201988,251008,-0.99,-2.78,10.35,-0.10,-0.03,-0.01,34.13
46527210,1914,1,200629,247087,-0.76,-2.68,10.18,-0.10,-0.19,0.11,34.13
46567193,1927,1,199925,246686,-0.54,-2.87,10.01,-0.21,-0.24,0.10,34.13
46607192,1925,1,199950,247537,-0.44,-3.18,9.98,-0.28,-0.21,0.04,34.13
46647193,1914,1,200186,248190,-0.50,-3.29,9.95,-0.21,-0.11,0.03,34.13
46687192,1968,1,200452,249309,-0.51,-3.31,9.74,0.03,-0.14,0.03,34.13
46727176,1902,1,200840,250131,-0.23,-3.13,9.19,0.19,-0.21,0.06,34.13
46767176,1948,1,201045,250498,-0.15,-2.88,8.96,0.12,-0.07,0.13,34.13
46807176,1903,1,201138,250661,-0.47,-2.95,9.46,0.07,0.02,0.21,34.13
46847164,1911,1,201177,250741,-0.47,-2.95,9.44,0.02,-0.09,0.23,34.13
46887176,1931,1,201037,250721,-0.58,-2.87,9.50,-0.05,-0.14,0.17,34.13
46927192,1962,1,200948,250735,-0.68,-3.05,9.45,-0.09,-0.18,0.15,34.13
46967193,1917,1,200739,250367,-0.24,-2.75,9.18,-0.05,-0.34,0.05,34.13
47007191,1905,1,200655,250420,-0.33,-2.83,9.41,-0.05,-0.08,0.07,34.13
47047193,1941,1,200581,248346,-0.59,-2.59,9.69,-0.01,-0.01,0.13,34.13
47087192,1938,1,199003,244089,-1.14,-2.89,9.97,-0.08,0.23,0.27,34.13
47127176,1896,1,198631,244398,-1.97,-2.99,10.48,0.03,0.36,0.44,34.13
47167164,1899,1,199332,245625,-1.69,-2.49,9.72,0.24,0.12,0.42,34.13
47207164,1967,1,199871,246835,-1.25,-2.26,9.21,0.26,-0.12,0.30,34.13
47247176,1935,1,200482,248765,-1.25,-2.39,9.36,0.11,-0.10,0.34,34.13
47287176,1965,1,201081,249919,-1.13,-2.36,9.26,-0.03,-0.13,0.42,34.13
47327878,1930,1,201244,249987,-1.20,-2.14,9.30,-0.07,-0.11,0.48,34.03
47366203,1967,1,201019,249803,-1.18,-2.12,9.40,-0.08,-0.16,0.46,34.03
47406192,1961,1,200820,249766,-1.16,-2.04,9.41,-0.16,-0.13,0.37,34.03
47446193,1925,1,200680,249838,-1.12,-2.05,9.47,-0.17,-0.00,0.23,34.03
47486192,1991,1,200658,250225,-1.17,-2.13,9.74,-0.13,0.16,0.06,34.03
47526176,1965,1,200728,250686,-1.18,-2.20,9.88,-0.09,0.29,-0.14,34.03
47566214,1982,1,200823,250872,-1.13,-2.21,9.75,-0.01,0.33,-0.33,34.03
47606194,1952,1,200882,250736,-1.24,-2.04,9.67,0.03,0.32,-0.38,34.03
47646176,1959,1,200540,247542,-1.26,-2.01,9.64,0.02,0.23,-0.33,34.03
47686176,1933,1,198804,243476,-1.60,-2.08,9.82,-0.09,0.18,-0.29,34.03
47726192,1919,1,198212,242721,-2.00,-2.05,10.17,-0.10,0.01,-0.26,34.03
47766193,1934,1,198035,242385,-2.02,-2.07,10.03,-0.04,-0.17,-0.26,34.03
47807211,1949,1,197777,242112,-2.17,-2.28,10.27,0.01,-0.04,-0.20,34.03
47847194,1939,1,198063,243431,-2.71,-2.96,10.54,0.22,0.27,0.11,34.03
47887164,1938,1,199091,245934,-2.59,-2.60,9.74,0.29,0.26,0.27,34.03
47927164,1943,1,199980,247392,-2.01,-1.57,8.38,0.25,-0.07,0.21,34.03
47967176,1905,1,200176,248099,-1.53,-1.47,8.43,0.24,-0.25,0.03,34.03
48007176,1974,1,200234,248935,-1.08,-1.74,8.75,0.11,-0.19,-0.10,34.03
48047192,1976,1,200452,250115,-0.79,-2.71,9.49,-0.17,-0.06,-0.22,34.03
48087210,1958,1,200894,251207,-0.82,-3.17,10.20,-0.43,-0.12,-0.37,34.03
48127211,1978,1,201085,251719,-0.38,-3.20,9.84,-0.35,-0.32,-0.42,34.03
48167210,1937,1,201148,252316,-0.51,-3.48,9.96,-0.15,-0.05,-0.28,34.03
48207211,1920,1,201317,252516,-0.40,-3.34,9.88,0.03,0.04,-0.22,34.03
48247176,1970,1,201260,251526,-0.09,-3.05,9.53,0.08,-0.13,-0.30,34.03
48287192,1904,1,201191,251592,0.22,-2.78,9.37,-0.06,-0.12,-0.38,34.03
48327880,1968,1,201623,252177,-0.03,-2.86,9.55,-0.19,-0.04,-0.40,34.09
48366210,1926,1,201861,252264,-0.01,-2.55,9.43,-0.08,-0.07,-0.35,34.09
48406210,1958,1,201847,252347,-0.25,-2.50,9.31,-0.11,-0.09,-0.20,34.09
48446211,1936,1,201925,252494,-0.52,-2.44,9.34,-0.17,0.03,0.01,34.09
48486176,1935,1,201852,252451,-0.64,-2.48,9.63,-0.21,0.04,0.11,34.09
48526176,1943,1,201669,252386,-0.75,-2.64,9.99,-0.22,0.08,0.13,34.09
48566176,1936,1,201497,252483,-0.87,-2.82,10.36,-0.05,0.22,0.23,34.09
48606176,1879,1,201759,252969,-1.20,-3.11,10.70,0.13,0.39,0.37,34.09
48646163,1872,1,202396,253633,-1.65,-3.83,10.92,0.16,0.43,0.50,34.09
48686163,1819,1,202672,253749,-1.54,-3.46,10.36,0.21,-0.13,0.38,34.09
48726176,1823,1,202494,253680,-0.76,-2.43,8.70,0.41,-0.51,0.12,34.09
48766176,1757,1,202290,253544,-0.43,-1.82,8.05,0.44,-0.25,-0.03,34.09
48807200,1742,1,202101,252854,-1.03,-1.55,7.85,0.30,0.46,-0.04,34.09
48847176,1729,1,201723,251201,-2.33,-2.15,9.51,0.41,0.80,0.03,34.09
48887164,1755,1,201459,250297,-2.34,-2.11,9.48,0.48,0.10,-0.10,34.09
48927176,1741,1,201381,250645,-2.06,-2.09,9.68,0.09,-0.07,-0.15,34.09
48967193,1770,1,201381,251228,-1.65,-2.26,9.94,-0.39,-0.34,-0.17,34.09
49005227,1827,1,201252,251720,-0.96,-2.24,9.58,-0.62,-0.43,-0.18,34.09
49045210,1853,1,201246,252238,-0.74,-2.30,9.46,-0.57,-0.20,-0.23,34.09
49085210,1863,1,201323,252575,-0.83,-2.40,9.74,-0.30,0.16,-0.41,34.09
49125193,1879,1,201437,252714,-0.70,-2.06,9.47,0.11,0.43,-0.61,34.09
49165176,2003,1,201545,252745,-0.91,-1.98,9.67,0.35,0.66,-0.71,34.09
49205201,2035,1,201725,252541,-1.28,-2.03,10.04,0.45,0.51,-0.71,34.09
49245176,2091,1,201743,252349,-1.68,-1.93,10.25,0.36,0.18,-0.70,34.09
49285176,2146,1,201526,252026,-1.83,-1.90,10.22,0.06,-0.15,-0.77,34.09
49325192,2140,1,201250,251874,-1.88,-2.67,10.48,-0.32,-0.25,-0.94,34.09
49365896,2124,1,201159,252176,-2.05,-3.24,10.40,-0.36,-0.13,-1.00,34.17
49406216,2138,1,201138,251449,-1.57,-2.42,8.92,0.19,0.02,-0.90,34.17
49446176,2128,1,200436,248408,-1.23,-1.78,8.25,0.46,0.36,-0.82,34.17
49486176,2160,1,199471,246276,-1.50,-1.82,8.54,0.40,0.54,-0.78,34.17
49526176,2146,1,199345,246125,-1.83,-2.26,9.25,0.21,0.47,-0.69,34.17
49566176,2126,1,199637,247167,-1.79,-2.65,9.74,-0.03,0.21,-0.65,34.17
49606194,2069,1,199808,248259,-1.46,-2.76,9.86,-0.28,-0.08,-0.76,34.17
49646211,2060,1,199957,248759,-0.98,-2.89,9.71,-0.30,-0.16,-0.76,34.17
49686210,1945,1,199816,248338,-0.83,-2.92,9.70,-0.08,-0.02,-0.63,34.17
49726210,1985,1,199783,248281,-0.92,-3.03,10.00,0.04,0.24,-0.48,34.17
49766176,1978,1,199947,248599,-0.94,-2.94,10.05,0.03,0.18,-0.48,34.17
49806176,1917,1,200154,249181,-0.93,-2.93,10.00,-0.05,0.10,-0.45,34.17
49845193,1975,1,200301,249342,-0.93,-2.98,10.11,-0.04,-0.02,-0.31,34.17
49885211,1910,1,200135,248967,-0.75,-2.73,9.62,0.05,-0.23,-0.12,34.17
49925193,1887,1,199858,248744,-0.74,-2.51,9.09,0.01,-0.14,0.05,34.17
49965176,1872,1,199812,248989,-1.28,-2.61,9.45,0.06,0.07,0.23,34.17
50005164,1854,1,200033,248585,-1.60,-2.66,9.62,0.18,0.07,0.40,34.17
50045164,1865,1,199096,243492,-1.81,-2.52,9.63,0.12,0.08,0.50,34.17
50085163,1859,1,197908,241807,-2.19,-2.75,9.87,0.02,-0.06,0.61,34.17
50125176,1867,1,197906,242253,-2.04,-2.85,9.54,-0.04,-0.34,0.69,34.17
50165194,1858,1,198055,243166,-1.46,-2.74,8.89,-0.21,-0.56,0.71,34.17
50205192,1849,1,198234,244433,-1.04,-2.83,8.75,-0.27,-0.62,0.75,34.17
50245194,1873,1,198412,245119,-0.51,-2.47,8.68,-0.25,-0.53,0.86,34.17
50285192,1854,1,198399,244833,-0.82,-3.16,9.31,-0.46,-0.13,1.02,34.17
50325194,1887,1,198277,244893,-1.42,-3.28,10.07,-0.42,-0.08,1.12,34.17
50365878,1904,1,198227,245001,-1.10,-2.69,9.38,-0.18,-0.27,1.08,34.13
50406194,1919,1,198193,245430,-0.92,-2.10,9.18,-0.11,-0.29,0.90,34.13
50446192,1904,1,198389,246141,-0.90,-1.85,9.39,-0.10,-0.06,0.78,34.13
50486193,1925,1,198693,246156,-1.45,-2.35,10.34,-0.10,0.17,0.70,34.13
50526176,1917,1,198787,246422,-2.21,-3.08,11.50,-0.02,0.22,0.73,34.13
50566176,1950,1,199200,247090,-2.45,-2.81,11.08,0.05,-0.12,0.69,34.13
50606176,1937,1,199440,247346,-1.62,-1.99,9.48,0.05,-0.47,0.57,34.13
50646176,1976,1,198844,244174,-1.04,-1.57,8.91,-0.10,-0.40,0.47,34.13
50686192,1949,1,197669,242732,-0.96,-1.60,8.91,-0.16,-0.18,0.36,34.13
50726193,1937,1,197613,244042,-0.98,-2.22,9.58,-0.12,-0.03,0.24,34.13
50766192,1939,1,198395,246137,-0.87,-2.35,9.73,-0.04,-0.15,-0.03,34.13
50806210,1963,1,198978,247709,-0.44,-2.29,9.71,0.03,-0.24,-0.13,34.13
50845192,2003,1,199622,248916,-0.35,-2.27,9.85,0.05,-0.13,-0.10,34.13
50885194,1951,1,200089,249854,-0.43,-2.36,10.02,0.03,-0.00,-0.13,34.13
50925192,2032,1,200385,250374,-0.69,-2.54,10.29,0.02,0.02,-0.27,34.13
50965176,2029,1,200827,251302,-1.35,-2.83,10.51,0.01,0.24,-0.30,34.13
51005176,1988,1,201471,252173,-1.39,-2.40,9.67,0.22,0.25,-0.21,34.13
51045176,2063,1,201856,252619,-1.24,-1.60,8.59,0.33,0.10,-0.19,34.13
51085176,2007,1,201953,252620,-0.74,-1.20,7.62,0.22,-0.16,-0.35,34.13
51125193,2003,1,201788,252784,-0.96,-1.42,8.08,-0.20,-0.24,-0.52,34.13
51165211,1905,1,201845,253262,-0.97,-2.46,9.15,-0.48,-0.31,-0.48,34.13
51205210,2019,1,202098,254094,-0.62,-3.04,9.87,-0.61,-0.40,-0.51,34.13
51245211,2031,1,202293,254187,-0.09,-3.02,10.07,-0.68,-0.37,-0.55,34.13
51285210,2093,1,202319,254250,0.36,-3.13,10.22,-0.59,-0.40,-0.62,34.13
51325192,2033,1,202433,254616,0.47,-3.32,10.41,-0.28,-0.39,-0.68,34.13
51365195,2027,1,202667,254862,0.96,-3.22,10.08,-0.07,-0.08,-0.57,34.13
51405878,1966,1,202792,254928,0.85,-3.37,10.51,-0.09,0.44,-0.38,34.15
51446176,1949,1,202845,254725,0.51,-3.21,10.43,-0.01,0.23,-0.27,34.15
51486176,1951,1,202719,254324,0.77,-2.80,9.43,0.06,-0.02,-0.22,34.15
51526176,1953,1,202286,253675,0.85,-2.69,8.96,-0.13,-0.01,-0.26,34.15
51566192,2000,1,201977,253359,0.33,-2.81,9.62,-0.18,0.09,-0.21,34.15
51606176,1907,1,201770,253266,-0.01,-2.97,9.85,0.06,0.05,-0.09,34.15
51646176,1904,1,201764,253376,-0.26,-2.80,9.78,0.18,0.24,0.04,34.15
51686164,1946,1,201805,253265,-0.70,-2.66,9.98,0.24,0.41,0.19,34.15
51726165,1959,1,201892,253415,-0.82,-2.44,9.92,0.30,0.20,0.26,34.15
51766163,1943,1,202122,253680,-0.42,-2.15,9.33,0.19,-0.20,0.22,34.15
51806176,1950,1,201802,251976,-0.06,-2.68,9.30,-0.17,-0.31,0.11,34.15
51846193,1965,1,200755,249378,0.02,-3.35,9.80,-0.51,-0.45,0.14,34.15
51886176,1925,1,200105,249289,0.65,-3.21,9.22,-0.36,-0.64,0.18,34.15
51926176,1937,1,200172,250085,1.20,-3.33,8.80,-0.13,-0.40,0.24,34.15
51966176,1941,1,200541,251078,0.96,-3.36,9.50,-0.11,-0.01,0.18,34.15
52006176,1934,1,200940,251888,0.73,-3.34,9.86,-0.03,0.02,0.13,34.15
52046163,1910,1,201197,252251,0.67,-3.11,9.54,0.10,-0.03,0.17,34.15
52086164,1936,1,201381,252464,0.20,-2.86,9.65,0.11,0.01,0.28,34.15
52126143,1977,1,201593,252626,0.07,-2.67,9.17,0.05,-0.14,0.37,34.15
52166164,1953,1,201645,253004,0.00,-2.77,9.13,-0.12,-0.08,0.36,34.15
52206176,1948,1,201945,253436,-0.61,-3.12,9.90,-0.09,0.18,0.55,34.15
52246176,1941,1,202046,253260,-0.70,-3.09,9.76,0.08,0.08,0.58,34.15
52286162,1926,1,202057,253083,-0.59,-2.90,9.70,0.20,0.10,0.60,34.15
52326164,1951,1,202021,252807,-0.56,-2.47,9.47,0.25,0.07,0.51,34.15
52366164,1958,1,201876,251906,-0.62,-2.24,9.67,0.29,0.12,0.49,34.15
52406850,1963,1,201101,248223,-0.72,-2.14,9.87,0.24,0.14,0.48,34.15
52445164,2006,1,199932,246130,-0.68,-2.11,9.70,0.09,0.22,0.47,34.15
52485212,1958,1,199793,246374,-0.85,-2.32,10.08,-0.07,0.24,0.36,34.15
52525180,1984,1,200085,247518,-0.96,-2.26,10.06,-0.08,0.04,0.21,34.15
52565176,1980,1,200327,248615,-0.74,-1.88,9.70,-0.05,-0.09,0.08,34.15
52605192,1993,1,200579,249497,-0.24,-1.67,9.52,-0.06,-0.16,0.02,34.15
52645194,1978,1,200702,249890,-0.18,-1.95,9.71,-0.19,-0.05,0.07,34.15
52685243,2030,1,200816,250278,-0.45,-2.11,9.73,-0.20,0.13,0.14,34.15
52725176,2018,1,201005,250472,-0.90,-1.91,9.94,0.09,0.35,0.23,34.15
52765164,1988,1,201149,250431,-1.36,-1.73,10.12,0.29,0.31,0.20,34.15
52805163,1970,1,201302,250402,-1.58,-1.76,10.06,0.22,0.18,0.13,34.15
52845164,2030,1,201254,250398,-1.29,-1.95,9.98,-0.00,-0.06,0.06,34.15
52885193,2006,1,201154,250547,-0.85,-1.87,9.74,-0.20,-0.31,-0.05,34.15
52925211,2005,1,201005,250182,-0.47,-1.45,9.15,-0.20,-0.40,-0.14,34.15
52965210,2000,1,200014,246192,-0.33,-1.40,8.92,-0.15,-0.24,-0.15,34.15
53005211,1457,1,198680,243636,-1.03,-2.36,9.50,-0.24,0.37,-0.04,34.15
53045193,1707,1,198726,243879,-2.07,-2.58,10.39,0.07,0.68,0.24,34.15
53085164,1822,1,199552,245107,-1.57,-1.64,9.23,0.26,0.47,0.25,34.15
53125163,2033,1,200386,246463,-1.60,-1.72,9.36,-0.04,0.36,0.12,34.15
53165175,1994,1,201088,247921,-1.64,-2.66,10.01,-0.18,0.11,0.08,34.15
53205176,1945,1,201951,249433,-1.10,-3.31,10.73,-0.28,-0.14,0.07,34.15
53245192,1969,1,202664,251000,-0.34,-3.77,10.26,-0.35,-0.32,-0.14,34.15
53285210,1968,1,203017,252078,-0.46,-4.12,10.31,-0.35,-0.34,-0.19,34.15
53325209,1965,1,203103,252898,-0.14,-3.70,9.50,-0.02,-0.41,-0.10,34.15
53365210,1951,1,202986,253349,0.43,-2.97,8.48,0.09,-0.20,-0.10,34.15
53405176,1973,1,202824,253541,0.39,-2.77,8.46,-0.01,0.10,-0.17,34.15
53445861,1967,1,202865,253756,-0.37,-3.00,9.21,-0.18,0.33,-0.22,34.09
53486192,1968,1,202739,252894,-0.76,-2.88,9.63,-0.22,0.16,-0.28,34.09
53526194,1947,1,201777,250150,-0.80,-2.75,10.00,-0.19,0.14,-0.27,34.09
53566192,1923,1,200652,247741,-1.21,-3.14,10.71,-0.12,0.23,-0.15,34.09
53606194,1950,1,200192,247201,-1.61,-3.20,11.06,0.21,0.27,0.11,34.09
53646164,1931,1,200162,247054,-1.49,-2.52,10.62,0.49,0.06,0.29,34.09
53686164,1957,1,199974,246796,-1.41,-2.25,9.85,0.65,0.20,0.44,34.09
53726164,1922,1,200283,247724,-1.72,-2.69,9.83,0.49,0.33,0.49,34.09
53766164,1989,1,200410,247777,-1.47,-2.50,9.42,0.42,-0.10,0.15,34.09
53806176,1935,1,200122,247902,-0.86,-1.77,8.95,0.40,-0.45,-0.15,34.09
53846193,1957,1,199844,247963,-0.85,-1.64,8.35,0.28,-0.24,-0.14,34.09
53886192,1986,1,199985,248192,-1.47,-1.84,8.77,0.23,0.27,0.03,34.09
53926164,1945,1,200232,248239,-1.75,-1.80,9.06,0.33,0.25,0.04,34.09
53966164,1957,1,200352,248175,-1.74,-1.43,9.15,0.27,0.04,-0.04,34.09
54006176,2005,1,200373,247988,-1.62,-1.36,9.28,-0.01,-0.01,-0.14,34.09
54046211,1943,1,200197,246262,-1.67,-1.81,10.07,-0.40,0.03,-0.23,34.09
54086194,2026,1,198899,242824,-1.47,-2.17,10.28,-0.54,-0.03,-0.44,34.09
54126217,1983,1,198038,242029,-1.46,-2.05,10.07,-0.41,0.08,-0.63,34.09
54166194,1952,1,197745,241469,-1.53,-1.59,9.69,0.07,0.33,-0.68,34.09
54206176,1959,1,197500,240790,-1.43,-1.26,9.23,0.57,0.47,-0.71,34.09
54246176,1930,1,197559,241108,-1.73,-1.12,9.40,0.63,0.65,-0.68,34.09
54286176,1947,1,198078,241983,-2.03,-1.09,9.82,0.45,0.49,-0.74,34.09
54326187,1941,1,198461,242572,-2.40,-1.52,10.17,0.04,0.26,-0.96,34.09
54366176,1957,1,198574,243427,-2.66,-2.11,10.46,-0.15,-0.03,-1.11,34.09
54406210,1936,1,199144,245856,-2.33,-2.34,9.90,-0.05,-0.02,-1.03,34.09
54446896,1966,1,200059,248385,-1.86,-2.06,8.74,0.12,0.12,-0.96,34.17
54485176,1931,1,201137,251272,-2.02,-1.97,8.52,0.25,0.36,-0.89,34.17
54525197,1978,1,201258,251668,-2.14,-2.06,8.78,0.28,0.57,-0.99,34.17
54565176,1939,1,200647,251428,-2.34,-2.14,9.44,0.12,0.40,-1.07,34.17
54605176,1986,1,200241,251872,-2.25,-2.83,9.62,-0.18,0.05,-1.21,34.17
54645194,1994,1,200330,252274,-2.01,-3.14,10.03,-0.42,-0.05,-1.16,34.17
54685211,1959,1,200428,252727,-1.20,-3.11,9.65,-0.38,-0.29,-1.12,34.17
54725210,2020,1,200647,253295,-1.03,-3.26,9.45,-0.39,-0.31,-1.00,34.17
54765211,1977,1,201200,253995,-1.63,-3.65,10.51,-0.35,0.09,-0.66,34.17
54805193,1986,1,201812,254195,-0.96,-3.75,10.37,-0.00,-0.17,-0.56,34.17
54845211,1983,1,201977,254185,-0.79,-3.02,9.38,0.10,-0.21,-0.55,34.17
54885194,2010,1,201905,254187,-0.79,-2.55,9.13,0.04,0.02,-0.35,34.17
54925176,1984,1,202090,254148,-0.74,-2.35,8.88,-0.09,-0.09,-0.35,34.17
54965210,1963,1,202293,254160,-2.03,-2.88,9.57,-0.19,0.17,-0.15,34.17
55005192,2014,1,202370,254044,-2.16,-3.35,9.92,-0.04,0.09,0.08,34.17
55045232,2022,1,202425,253980,-2.02,-3.04,9.43,0.07,-0.19,0.11,34.17
55085176,1974,1,202409,254200,-1.73,-2.58,9.08,0.13,-0.27,0.20,34.17
55125176,2032,1,202409,254303,-1.24,-2.70,9.02,0.11,-0.37,0.27,34.17
55165176,1978,1,202634,254244,-1.10,-2.81,9.42,-0.04,-0.41,0.33,34.17
55205193,1984,1,202430,253289,-1.17,-3.79,10.06,-0.23,-0.44,0.46,34.17
55245192,1966,1,201692,252765,-0.94,-3.14,9.44,-0.29,-0.66,0.56,34.17
55285194,1981,1,201578,252832,-0.35,-2.38,8.43,-0.13,-0.77,0.69,34.17
55325192,2011,1,201412,252790,-0.76,-2.34,8.66,-0.21,-0.35,0.83,34.17
55365194,1967,1,201390,253079,-1.32,-2.66,9.25,-0.16,-0.20,0.89,34.17
55405192,2039,1,201748,253405,-1.50,-2.85,9.52,-0.16,-0.14,0.89,34.17
55445194,2027,1,201858,253625,-1.87,-2.97,10.07,-0.17,-0.15,0.92,34.17
55485878,2016,1,201883,253540,-1.97,-2.80,10.05,-0.05,-0.23,1.00,34.17
55526194,2004,1,201926,253507,-1.78,-2.68,9.69,-0.05,-0.28,1.09,34.17
55566192,1994,1,201805,253426,-1.66,-2.67,9.94,-0.22,-0.15,1.09,34.17
55606195,1966,1,201617,253392,-1.72,-2.53,10.13,-0.11,-0.20,1.02,34.17
55646192,1933,1,201431,253374,-1.47,-2.24,9.98,0.20,-0.24,0.92,34.17
55686176,2000,1,201287,253143,-1.14,-2.33,10.09,0.30,0.13,0.97,34.17
55726164,1973,1,201212,252937,-1.29,-2.56,10.61,0.17,-0.09,0.73,34.17
55766176,1966,1,201219,252874,-1.31,-2.51,10.18,0.09,-0.34,0.57,34.17
55806176,1965,1,200928,252637,-0.58,-2.30,9.45,-0.10,-0.47,0.39,34.17
55846194,1947,1,200835,252934,-0.20,-2.28,9.00,-0.19,-0.50,0.26,34.17
55886192,1937,1,201005,253476,-0.02,-2.39,9.07,-0.20,-0.31,0.27,34.17
55926193,1945,1,200980,253963,-0.32,-2.93,9.39,-0.27,0.01,0.28,34.17
55965176,1978,1,201117,254288,-0.39,-3.36,9.62,-0.38,0.11,0.11,34.17
56005176,1941,1,201395,254682,-0.60,-3.38,9.51,-0.29,0.04,-0.05,34.17
56045192,1925,1,201461,254652,-0.37,-3.10,9.16,-0.15,0.14,-0.05,34.17
56085194,1934,1,201448,254349,-0.29,-2.93,9.13,-0.03,0.21,-0.06,34.17
56125192,1953,1,201414,254105,-0.61,-2.97,9.41,0.11,0.06,-0.01,34.17
56165176,1935,1,201441,253860,-0.43,-3.15,9.19,0.04,-0.18,-0.06,34.17
56205192,1945,1,201371,253704,-0.07,-3.24,9.46,-0.16,-0.21,-0.25,34.17
56245210,1914,1,201402,253723,0.21,-2.77,9.29,-0.14,-0.24,-0.38,34.17
56285192,1886,1,201596,254163,0.17,-2.80,9.38,0.11,-0.16,-0.41,34.17
56325176,1983,1,202127,254630,0.10,-2.54,9.57,0.02,0.12,-0.50,34.17
56365164,1987,1,202410,254596,-0.29,-3.04,10.38,-0.04,0.24,-0.49,34.17
56405193,1955,1,202712,254702,-0.70,-3.39,10.71,-0.10,-0.01,-0.50,34.17
56445210,1985,1,202781,254947,-0.37,-3.45,10.31,-0.24,-0.11,-0.43,34.17
56485896,1875,1,202823,255313,0.06,-2.89,9.79,-0.23,-0.16,-0.37,34.03
56526192,1927,1,202937,255585,0.08,-2.69,9.57,0.01,-0.07,-0.08,34.03
56566176,1936,1,203032,255651,-0.16,-2.61,9.64,0.15,0.09,0.21,34.03
56606164,1917,1,203082,255757,-0.32,-2.52,9.79,0.24,-0.08,0.32,34.03
56646176,1879,1,203143,255940,-0.16,-2.50,9.66,0.28,-0.27,0.29,34.03
56686176,1834,1,203041,256225,-0.09,-2.44,9.54,0.20,-0.42,0.28,34.03
56726176,1845,1,203037,256540,0.26,-2.60,9.55,0.10,-0.38,0.21,34.03
56766164,1835,1,203012,256588,0.25,-2.71,10.03,0.08,-0.15,0.19,34.03
56806164,1789,1,203056,256908,-0.16,-3.21,10.01,-0.00,-0.13,0.26,34.03
56846192,1752,1,203195,257323,0.47,-2.49,8.68,-0.13,-0.39,0.24,34.03
56886176,1759,1,203355,257594,1.06,-2.04,8.23,-0.22,-0.30,0.25,34.03
56926176,1770,1,203306,257038,0.57,-2.32,8.86,-0.18,-0.00,0.34,34.03
56966176,1808,1,202915,256282,-0.09,-2.65,9.76,-0.09,0.24,0.57,34.03
57006176,1823,1,202618,255733,-0.74,-2.87,10.22,0.03,0.28,0.70,34.03
57046163,1861,1,202612,255685,-0.94,-2.38,9.94,0.14,0.14,0.70,34.03
57086164,1863,1,202825,256039,-0.65,-2.20,9.70,0.08,-0.17,0.58,34.03
57126176,1959,1,203047,256190,-0.34,-2.30,9.63,-0.08,-0.10,0.64,34.03
57166191,2000,1,203075,256072,-0.33,-2.68,10.01,-0.22,-0.04,0.70,34.03
57206194,2053,1,202957,255791,-0.22,-2.45,9.96,-0.27,-0.12,0.61,34.03
57246192,2096,1,202802,255761,-0.36,-2.37,9.72,-0.18,-0.17,0.50,34.03
57286194,2146,1,202748,255776,-0.45,-2.30,9.95,-0.08,0.03,0.47,34.03
57326176,2256,1,202649,255747,-0.53,-2.08,9.96,0.07,0.17,0.44,34.03
57366164,2255,1,202717,255834,-0.84,-1.92,10.08,0.17,0.33,0.37,34.03
57406164,2270,1,202908,256079,-1.09,-1.87,10.48,0.25,0.19,0.25,34.03
57446164,2264,1,202982,256268,-0.69,-1.75,9.82,0.18,-0.17,0.09,34.03
57486862,2251,1,202893,255602,-0.46,-1.94,9.81,-0.06,-0.18,0.04,34.03
57525203,2266,1,202212,254412,-0.48,-2.24,9.89,-0.20,-0.21,-0.00,34.03
57565211,2239,1,202036,253976,-0.17,-2.33,9.54,-0.13,-0.11,-0.01,34.03
57605263,2230,1,201770,253082,-0.17,-2.30,9.47,0.00,-0.02,-0.01,34.03
57645191,2237,1,201480,252583,-0.35,-2.21,9.41,0.11,0.02,-0.03,34.03
57685176,2141,1,201591,253095,-0.56,-1.89,9.42,0.19,0.13,-0.02,34.03
57725176,2128,1,201941,253759,-1.02,-1.78,9.93,0.20,0.25,-0.04,34.03
57765176,2082,1,202201,254235,-1.33,-1.78,10.56,0.36,0.25,-0.09,34.03
57805216,2015,1,202614,254985,-1.45,-1.72,10.58,0.41,0.15,-0.12,34.03
57845176,1982,1,202952,255366,-1.36,-1.44,10.05,0.33,-0.10,-0.21,34.03
57885192,1942,1,202876,255622,-1.16,-1.07,9.51,0.21,-0.14,-0.22,34.03
57925194,1922,1,202967,256288,-1.25,-1.55,9.64,0.12,0.21,-0.22,34.03
57965176,1890,1,203132,256785,-1.17,-1.52,9.41,0.11,0.21,-0.13,34.03
58005176,1819,1,203213,257104,-0.89,-1.31,9.14,0.00,0.14,-0.10,34.03
58045176,1831,1,203136,256599,-0.34,-1.45,9.13,-0.15,-0.03,-0.19,34.03
58085210,1841,1,202807,256440,-0.06,-2.11,9.72,-0.35,-0.05,-0.31,34.03
58125211,1826,1,202787,256681,0.27,-2.76,10.10,-0.42,-0.18,-0.43,34.03
58165193,1764,1,202871,256762,0.39,-3.06,10.09,-0.38,-0.32,-0.49,34.03
58205192,1809,1,202801,256733,0.29,-3.36,9.92,-0.27,-0.28,-0.44,34.03
58245194,1797,1,202682,256760,0.25,-3.33,9.62,-0.20,-0.21,-0.40,34.03
58285192,1796,1,202561,256560,0.38,-3.25,9.33,-0.15,-0.10,-0.42,34.03
58325194,1815,1,202367,256443,0.13,-2.94,9.31,-0.12,0.09,-0.44,34.03
58365176,1792,1,202388,256255,0.04,-2.71,9.46,-0.06,0.18,-0.41,34.03
58405176,1842,1,202466,256100,-0.00,-2.58,9.61,-0.06,0.02,-0.32,34.03
58445192,1862,1,202531,255919,-0.04,-2.15,9.42,-0.09,0.03,-0.12,34.03
58485192,1886,1,202547,255517,0.46,-1.67,9.45,-0.12,0.04,-0.03,34.03
58525865,1878,1,202701,255174,0.27,-1.71,9.80,-0.14,-0.00,-0.11,34.03
58566193,1862,1,202687,254890,-0.15,-1.94,10.52,-0.05,0.24,-0.12,34.03
58606191,1954,1,202387,252815,-0.48,-1.89,10.77,0.15,0.44,0.13,34.03
58646164,1951,1,201366,249217,-1.20,-2.63,10.47,0.24,0.70,0.51,34.03
58686164,1978,1,201183,248554,-1.87,-3.09,10.98,0.09,0.53,0.45,34.03
58726163,1915,1,200981,248575,-1.43,-2.66,10.06,0.13,-0.46,-0.10,34.03
58766192,1956,1,200538,248514,-0.48,-1.96,8.43,0.22,-0.58,-0.31,34.03
58806193,1950,1,200346,249017,-1.09,-2.12,8.62,0.07,-0.07,-0.14,34.03
58846191,1975,1,200786,249768,-0.98,-2.41,8.83,-0.09,0.44,0.07,34.03
58886176,1953,1,201127,250385,-1.15,-2.56,9.38,0.01,0.33,-0.13,34.03
58926176,1963,1,201454,250792,-0.99,-2.66,9.52,0.09,-0.08,-0.31,34.03
58966193,1957,1,201657,250819,-0.41,-2.54,9.78,-0.13,-0.24,-0.38,34.03
59006211,1956,1,201497,250532,-0.15,-2.56,9.84,-0.36,-0.25,-0.41,34.03
59046210,1985,1,201316,250568,-0.45,-2.82,9.87,-0.49,-0.00,-0.49,34.03
59086211,1999,1,201357,250758,-0.61,-2.66,9.86,-0.28,0.19,-0.68,34.03
59126193,1994,1,201402,250973,-0.54,-2.33,9.47,0.10,0.35,-0.91,34.03
59166176,1987,1,201579,250632,-0.78,-2.33,9.81,0.43,0.47,-1.05,34.03
59206176,1993,1,200794,246655,-0.69,-2.38,9.70,0.49,0.38,-1.24,34.03
59246176,1986,1,199627,244956,-1.02,-2.81,10.01,0.20,0.37,-1.44,34.03
59286176,2018,1,199627,245783,-1.02,-3.21,9.90,-0.03,0.27,-1.55,34.03
59326192,2002,1,199945,246696,-1.03,-3.39,9.56,-0.04,0.45,-1.46,34.03
59366194,2006,1,200259,247712,-1.26,-3.07,9.07,0.17,0.53,-1.26,34.03
59406176,2044,1,200810,248708,-1.08,-2.39,8.39,0.34,0.59,-1.21,34.03
59446191,2011,1,201195,248943,-1.28,-2.41,8.83,0.30,0.66,-1.14,34.03
59486176,2001,1,201426,248951,-1.45,-2.77,9.55,0.14,0.45,-1.07,34.03
59526862,2020,1,201339,248816,-1.21,-2.89,9.82,-0.08,0.18,-1.10,34.15
59565192,2011,1,201086,248845,-1.04,-2.86,9.87,-0.23,0.01,-1.09,34.15
59605193,1987,1,200865,249234,-0.69,-2.69,9.73,-0.26,-0.06,-1.01,34.15
59645239,1995,1,200820,249953,-0.71,-2.76,9.52,-0.21,0.00,-0.89,34.15
59685194,1996,1,200906,250510,-1.46,-2.97,10.20,-0.23,0.34,-0.59,34.15
59725192,2001,1,201214,250856,-1.54,-2.74,10.18,-0.21,0.46,-0.34,34.15
59765195,2022,1,200816,248498,-1.50,-2.76,9.90,0.04,0.43,-0.26,34.15
59805176,2000,1,199881,246902,-1.25,-2.89,9.90,0.04,-0.10,-0.38,34.15
59845193,1984,1,199762,247253,-0.85,-2.37,9.21,-0.00,-0.17,-0.36,34.15
59886210,2003,1,200077,248420,-0.55,-2.96,8.81,-0.03,0.17,-0.08,34.15
59926194,2014,1,200816,250374,-1.02,-3.34,9.73,-0.12,0.25,-0.13,34.15
59966192,2006,1,201326,251421,-0.76,-3.25,9.43,0.09,-0.30,-0.20,34.15
60006193,1987,1,201338,252302,-0.72,-3.45,9.18,0.13,-0.36,-0.18,34.15
60046192,1984,1,201776,253030,-0.85,-3.36,9.74,-0.02,-0.10,-0.11,34.15
60086210,1971,1,202004,253445,-1.07,-3.17,9.84,0.08,-0.17,0.03,34.15
60126176,1984,1,202207,253738,-0.77,-3.01,9.50,0.02,-0.35,0.01,34.15
60166176,1979,1,202111,253495,-0.48,-2.54,9.28,-0.04,-0.36,-0.09,34.15
60206211,1955,1,202079,253550,-0.49,-2.67,9.16,-0.01,-0.05,0.10,34.15
60246193,1936,1,201920,253058,-0.84,-2.17,9.26,0.08,0.04,0.23,34.15
60286164,1942,1,201897,253073,-1.77,-1.61,9.42,0.15,0.30,0.47,34.15
60326164,1968,1,201708,251154,-2.06,-1.55,9.81,0.11,0.37,0.61,34.15
60366164,1976,1,200921,248522,-2.55,-1.71,10.57,-0.05,0.31,0.62,34.15
60406176,1909,1,200435,247953,-2.40,-1.77,10.75,-0.25,0.09,0.47,34.15
60446176,1955,1,200221,248447,-1.91,-2.00,10.35,-0.31,-0.22,0.28,34.15
60486194,1937,1,200503,250189,-1.50,-2.30,10.38,-0.39,-0.17,0.10,34.15
60526887,1936,1,201028,251563,-0.98,-2.02,10.18,-0.28,-0.25,-0.10,34.17
60565210,1919,1,201334,252167,-0.56,-1.85,9.57,0.13,-0.17,-0.10,34.17
60605192,1951,1,201386,252428,-0.63,-1.53,9.54,0.39,0.07,0.07,34.17
60645164,1947,1,201375,252283,-0.61,-1.41,9.42,0.34,0.24,0.26,34.17
60685164,1942,1,201376,252796,-1.07,-1.84,9.19,0.09,0.28,0.36,34.17
60725164,1935,1,201710,253418,-1.44,-2.49,9.62,-0.49,0.16,0.09,34.17
60765176,1933,1,201765,253899,-1.92,-2.62,9.44,-0.90,-0.24,-0.22,34.17
60805210,1948,1,201592,253583,-1.51,-2.42,9.21,-0.73,-0.47,-0.19,34.17
60845211,1953,1,201331,253729,-1.55,-2.62,9.31,-0.43,0.02,0.22,34.17
60886176,1947,1,201677,253737,-1.73,-2.87,10.12,-0.17,0.39,0.54,34.17
60926176,1904,1,201393,252217,-1.84,-3.31,10.03,-0.04,-0.16,0.45,34.17
60966194,1920,1,200929,251470,-1.29,-2.98,9.24,0.08,-0.47,0.47,34.17
61006176,1978,1,200941,251759,-0.97,-3.00,8.98,-0.04,-0.35,0.53,34.17
61046193,1866,1,201148,252062,-1.19,-3.44,8.94,-0.12,-0.33,0.50,34.17
61086227,1986,1,201187,252248,-1.19,-3.69,9.25,-0.05,-0.34,0.45,34.17
61126194,1974,1,201241,252479,-1.28,-3.62,9.11,0.05,-0.35,0.44,34.17
61166176,1993,1,201182,252356,-1.34,-3.67,9.26,-0.07,-0.22,0.38,34.17
61206194,1968,1,201193,252146,-1.61,-3.68,9.63,-0.16,-0.05,0.46,34.17
61246192,1973,1,201054,251944,-1.71,-3.80,9.57,-0.17,-0.12,0.56,34.17
61286228,1939,1,201208,252438,-1.72,-4.08,9.75,-0.15,-0.14,0.70,34.17
61326192,1973,1,201522,253132,-1.13,-3.71,9.08,-0.12,-0.34,0.74,34.17
61366194,2008,1,201720,253385,-0.85,-3.23,8.66,-0.08,-0.24,0.83,34.17
61406192,2032,1,201989,253374,-1.39,-3.30,8.98,-0.11,-0.04,0.88,34.17
61446193,2013,1,202346,253210,-1.75,-3.19,9.11,-0.19,-0.08,0.99,34.17
61486192,1998,1,202302,251048,-2.31,-3.53,9.02,-0.29,-0.01,1.08,34.17
61526194,2001,1,201329,247320,-2.63,-4.67,10.30,-0.22,0.02,1.26,34.17
61566862,1971,1,200408,246688,-1.75,-3.90,9.53,-0.08,-0.75,0.89,34.07
61605193,1968,1,200235,248148,-1.18,-2.65,8.69,-0.04,-0.61,0.78,34.07
61645191,1984,1,200907,249834,-0.82,-2.39,9.26,0.10,-0.22,0.92,34.07
